Obj task: Site= 0009  ID= 000974039052  Visit= 1  Series= 9 Run= 61 TaskRun= 61 Subjflag= 1
Versions:  Task= 4/87  CIGAL= 4.81.91  CIGAL_VSync= 48150/124
ParamFile: ObjRun/OTRun61.ppf
StimSet: 7  ObjLists: ObjRun/ot_objtrials11_7.txt

  StimNum     OnTime       StimID StimFlag     RTimeMS RespKey   CorrectKey Accuracy

      0        0.001            0       0            0       0            0       0
      1        3.989       303200       0            0       0            0       0
      2        4.988            0       0            0       0            0       0
      3        5.489       303506     128            0       0            0       0
      4        8.987            0       0            0       0            0       0
      5       10.989      1303806       1          769      50           49       0
      6       11.987            0       0            0       0            0       0
      7       13.989       531100       0            0       0            0       0
      8       14.988            0       0            0       0            0       0
      9       15.489       531404     128            0       0            0       0
     10       18.987            0       0            0       0            0       0
     11       20.989      1531704       1          785      49           49       1
     12       21.987            0       0            0       0            0       0
     13       27.989       330600       0            0       0            0       0
     14       28.988            0       0            0       0            0       0
     15       33.989       543100       0            0       0            0       0
     16       34.988            0       0            0       0            0       0
     17       35.489       543406     128            0       0            0       0
     18       38.987            0       0            0       0            0       0
     19       40.989      2543706       1          641      50           50       1
     20       41.987            0       0            0       0            0       0
     21       45.989       275200       0            0       0            0       0
     22       46.988            0       0            0       0            0       0
     23       47.489       275508     128            0       0            0       0
     24       50.987            0       0            0       0            0       0
     25       52.989      1275808       1          682      49           49       1
     26       53.987            0       0            0       0            0       0
     27       55.989       190600       0            0       0            0       0
     28       56.988            0       0            0       0            0       0
     29       61.989       261200       0            0       0            0       0
     30       62.988            0       0            0       0            0       0
     31       63.489       261504     128            0       0            0       0
     32       66.987            0       0            0       0            0       0
     33       68.989      2261804       1          683      50           50       1
     34       69.987            0       0            0       0            0       0
     35       71.989       575100       0            0       0            0       0
     36       72.988            0       0            0       0            0       0
     37       73.489       575408     128            0       0            0       0
     38       76.987            0       0            0       0            0       0
     39       78.989      2575708       1          675      50           50       1
     40       79.987            0       0            0       0            0       0
     41       81.989       295200       0            0       0            0       0
     42       82.988            0       0            0       0            0       0
     43       83.489       295508     128            0       0            0       0
     44       86.987            0       0            0       0            0       0
     45       88.989      2295808       1          675      50           50       1
     46       89.987            0       0            0       0            0       0
     47       91.989       545100       0            0       0            0       0
     48       92.988            0       0            0       0            0       0
     49       93.489       545408     128            0       0            0       0
     50       96.987            0       0            0       0            0       0
     51       98.989      1545708       1          884      49           49       1
     52       99.987            0       0            0       0            0       0
     53      105.989       461100       0            0       0            0       0
     54      106.988            0       0            0       0            0       0
     55      107.489       461404     128            0       0            0       0
     56      110.987            0       0            0       0            0       0
     57      112.989      1461704       1          524      49           49       1
     58      113.987            0       0            0       0            0       0
     59      117.989       480300       0            0       0            0       0
     60      118.988            0       0            0       0            0       0
     61      123.989       283200       0            0       0            0       0
     62      124.988            0       0            0       0            0       0
     63      125.489       283506     128            0       0            0       0
     64      128.987            0       0            0       0            0       0
     65      130.989      2283806       1          629      50           50       1
     66      131.987            0       0            0       0            0       0
     67      137.989       575100       0            0       0            0       0
     68      138.988            0       0            0       0            0       0
     69      139.489       575408     128            0       0            0       0
     70      142.987            0       0            0       0            0       0
     71      144.989      1575708       1          581      49           49       1
     72      145.987            0       0            0       0            0       0
     73      147.989       480300       0            0       0            0       0
     74      148.988            0       0            0       0            0       0
     75      155.989       503100       0            0       0            0       0
     76      156.988            0       0            0       0            0       0
     77      157.489       503406     128            0       0            0       0
     78      160.987            0       0            0       0            0       0
     79      162.989      1503706       1          606      49           49       1
     80      163.987            0       0            0       0            0       0
     81      165.989       321200       0            0       0            0       0
     82      166.988            0       0            0       0            0       0
     83      167.489       321504     128            0       0            0       0
     84      170.987            0       0            0       0            0       0
     85      172.989      1321804       1          862      49           49       1
     86      173.987            0       0            0       0            0       0
     87      179.989       251200       0            0       0            0       0
     88      180.988            0       0            0       0            0       0
     89      181.489       251504     128            0       0            0       0
     90      184.987            0       0            0       0            0       0
     91      186.989      2251804       1          631      50           50       1
     92      187.987            0       0            0       0            0       0
     93      191.989       523100       0            0       0            0       0
     94      192.988            0       0            0       0            0       0
     95      193.489       523406     128            0       0            0       0
     96      196.987            0       0            0       0            0       0
     97      198.989      1523706       1          759      50           49       0
     98      199.987            0       0            0       0            0       0
     99      201.989       345200       0            0       0            0       0
    100      202.988            0       0            0       0            0       0
    101      203.489       345508     128            0       0            0       0
    102      206.987            0       0            0       0            0       0
    103      208.989      2345808       1          815      50           50       1
    104      209.987            0       0            0       0            0       0
    105      211.989       513100       0            0       0            0       0
    106      212.988            0       0            0       0            0       0
    107      213.489       513406     128            0       0            0       0
    108      216.987            0       0            0       0            0       0
    109      218.989      2513706       1          640      50           50       1
    110      219.987            0       0            0       0            0       0
    111      227.989       530300       0            0       0            0       0
    112      228.988            0       0            0       0            0       0
    113      233.989       501100       0            0       0            0       0
    114      234.988            0       0            0       0            0       0
    115      235.489       501404     128            0       0            0       0
    116      238.987            0       0            0       0            0       0
    117      240.989      1501704       1          744      49           49       1
    118      241.987            0       0            0       0            0       0
    119      245.989       301200       0            0       0            0       0
    120      246.988            0       0            0       0            0       0
    121      247.489       301504     128            0       0            0       0
    122      250.987            0       0            0       0            0       0
    123      252.989      1301804       1          729      50           49       0
    124      253.987            0       0            0       0            0       0
    125      255.989       551100       0            0       0            0       0
    126      256.988            0       0            0       0            0       0
    127      257.489       551404     128            0       0            0       0
    128      260.987            0       0            0       0            0       0
    129      262.989      2551704       1          769      50           50       1
    130      263.987            0       0            0       0            0       0
    131      265.989       295200       0            0       0            0       0
    132      266.988            0       0            0       0            0       0
    133      267.489       295508     128            0       0            0       0
    134      270.987            0       0            0       0            0       0
    135      272.989      1295808       1          657      50           49       0
    136      273.987            0       0            0       0            0       0
    137      277.989       250600       0            0       0            0       0
    138      278.988            0       0            0       0            0       0
    139      283.989       505100       0            0       0            0       0
    140      284.988            0       0            0       0            0       0
    141      285.489       505408     128            0       0            0       0
    142      288.987            0       0            0       0            0       0
    143      290.989      2505708       1          674      50           50       1
    144      291.987            0       0            0       0            0       0
    145      295.989       273200       0            0       0            0       0
    146      296.988            0       0            0       0            0       0
    147      297.489       273506     128            0       0            0       0
    148      300.987            0       0            0       0            0       0
    149      302.989      1273806       1          866      50           49       0
    150      303.987            0       0            0       0            0       0
    151      305.989       455100       0            0       0            0       0
    152      306.988            0       0            0       0            0       0
    153      307.489       455408     128            0       0            0       0
    154      310.987            0       0            0       0            0       0
    155      312.989      1455708       1          891      50           49       0
    156      313.987            0       0            0       0            0       0
    157      315.989       253200       0            0       0            0       0
    158      316.988            0       0            0       0            0       0
    159      317.489       253506     128            0       0            0       0
    160      320.987            0       0            0       0            0       0
    161      322.989      2253806       1          619      50           50       1
    162      323.987            0       0            0       0            0       0
    163      325.989       473100       0            0       0            0       0
    164      326.988            0       0            0       0            0       0
    165      327.489       473406     128            0       0            0       0
    166      330.987            0       0            0       0            0       0
    167      332.989      2473706       1          715      50           50       1
    168      333.987            0       0            0       0            0       0
    169      335.989       450300       0            0       0            0       0
    170      336.988            0       0            0       0            0       0
    171      341.989       311200       0            0       0            0       0
    172      342.988            0       0            0       0            0       0
    173      343.489       311504     128            0       0            0       0
    174      346.987            0       0            0       0            0       0
    175      348.989      2311804       1          683      50           50       1
    176      349.987            0       0            0       0            0       0
    177      351.989       320600       0            0       0            0       0
    178      352.988            0       0            0       0            0       0
    179      359.989       481100       0            0       0            0       0
    180      360.988            0       0            0       0            0       0
    181      361.489       481404     128            0       0            0       0
    182      364.987            0       0            0       0            0       0
    183      366.989      2481704       1          612      50           50       1
    184      367.987            0       0            0       0            0       0
    185      369.989       243200       0            0       0            0       0
    186      370.988            0       0            0       0            0       0
    187      371.489       243506     128            0       0            0       0
    188      374.987            0       0            0       0            0       0
    189      376.989      1243806       1            0       0           49       0
    190      377.987            0       0            0       0            0       0
    191      381.989       215200       0            0       0            0       0
    192      382.988            0       0            0       0            0       0
    193      383.489       215508     128            0       0            0       0
    194      386.987            0       0            0       0            0       0
    195      388.989      2215808       1          813      50           50       1
    196      389.987            0       0            0       0            0       0
    197      400.987            0       0            0       0            0       0

Stim       Id Diff Order Obj Lvl  

   90  303506    6   10 2136    3    1    0 
   91  531404    4    8 2549    3    1    0 
   92  543406    6    1 3260    3    1    0 
   93  275508    8    7 2851    3    1    0 
   94  261504    4   14 2474    3    1    0 
   95  575408    8    6 1180    3    1    0 
   96  295508    8   13 2668    3    1    0 
   97  545408    8    2 1262    3    1    0 
   98  461404    4    4  396    3    1    0 
   99  283506    6    9 1523    3    1    0 
  100  575408    8   26 1636    3    1    0 
  101  503406    6    0  745    3    1    0 
  102  321504    4   21  693    3    1    0 
  103  251504    4   15 1965    3    1    0 
  104  523406    6   41 1792    3    1    0 
  105  345508    8   18 1534    3    1    0 
  106  513406    6   31  882    3    1    0 
  107  501404    4   16 1094    3    1    0 
  108  301504    4   32 3093    3    1    0 
  109  551404    4   29 2116    3    1    0 
  110  295508    8   19 2112    3    1    0 
  111  505408    8   39 2024    3    1    0 
  112  273506    6   12  741    3    1    0 
  113  455408    8   46  397    3    1    0 
  114  253506    6    3 1096    3    1    0 
  115  473406    6   36 2369    3    1    0 
  116  311504    4    5  862    3    1    0 
  117  481404    4   52 2814    3    1    0 
  118  243506    6   38 2023    3    1    0 
  119  215508    8   11 1773    3    1    0 

Trial      Id Diff  Lvl  Obj Stim  Ans Resp  Acc     RT

    1 1303806    6    3 2136   90   49   50    0    769
    2 1531704    4    3 2549   91   49   49    1    785
    3 2543706    6    3 1571   92   50   50    1    641
    4 1275808    8    3 2851   93   49   49    1    682
    5 2261804    4    3 1502   94   50   50    1    683
    6 2575708    8    3 1674   95   50   50    1    675
    7 2295808    8    3 1795   96   50   50    1    675
    8 1545708    8    3 1262   97   49   49    1    884
    9 1461704    4    3  396   98   49   49    1    524
   10 2283806    6    3 3007   99   50   50    1    629
   11 1575708    8    3 1636  100   49   49    1    581
   12 1503706    6    3  745  101   49   49    1    606
   13 1321804    4    3  693  102   49   49    1    862
   14 2251804    4    3  462  103   50   50    1    631
   15 1523706    6    3 1792  104   49   50    0    759
   16 2345808    8    3 1469  105   50   50    1    815
   17 2513706    6    3 3377  106   50   50    1    640
   18 1501704    4    3 1094  107   49   49    1    744
   19 1301804    4    3 3093  108   49   50    0    729
   20 2551704    4    3  476  109   50   50    1    769
   21 1295808    8    3 2112  110   49   50    0    657
   22 2505708    8    3 3195  111   50   50    1    674
   23 1273806    6    3  741  112   49   50    0    866
   24 1455708    8    3  397  113   49   50    0    891
   25 2253806    6    3 2296  114   50   50    1    619
   26 2473706    6    3  976  115   50   50    1    715
   27 2311804    4    3  264  116   50   50    1    683
   28 2481704    4    3  689  117   50   50    1    612
   29 1243806    6    3 2023  118   49    0    0      0
   30 2215808    8    3 2062  119   50   50    1    813

Summary table:
 Nobjs Ntrials Accuracy RespTime

     1      0      0      0      0 
     2      0      0      0      0 
     3      0      0      0      0 
     4     10     90    702      0 
     5      0      0      0      0 
     6     10     60    624      0 
     7      0      0      0      0 
     8     10     80    735      0 
     0      0      0      0      0 
     0      0      0      0      0 

adaptlvl = 3
