SubjID Series Run Trial  StimID Correct RTime difficulty stim reldiff valence valid Spec1 Spec2 Spec3

000974039052    1    1   61    1  1303806    0    769    6    8    3   30    1      3     90     10
000974039052    1    1   61    2  1531704    1    785    4    7    1   53    1      1     91      8
000974039052    1    1   61    3  2543706    1    641    6    7    3   54    2      3     92      1
000974039052    1    1   61    4  1275808    1    682    8    8    5   27    1      5     93      7
000974039052    1    1   61    5  2261804    1    683    4    8    1   26    2      1     94     14
000974039052    1    1   61    6  2575708    1    675    8    7    5   57    2      5     95      6
000974039052    1    1   61    7  2295808    1    675    8    8    5   29    2      5     96     13
000974039052    1    1   61    8  1545708    1    884    8    7    5   54    1      5     97      2
000974039052    1    1   61    9  1461704    1    524    4    7    1   46    1      1     98      4
000974039052    1    1   61   10  2283806    1    629    6    8    3   28    2      3     99      9
000974039052    1    1   61   11  1575708    1    581    8    7    5   57    1      5    100     26
000974039052    1    1   61   12  1503706    1    606    6    7    3   50    1      3    101      0
000974039052    1    1   61   13  1321804    1    862    4    8    1   32    1      1    102     21
000974039052    1    1   61   14  2251804    1    631    4    8    1   25    2      1    103     15
000974039052    1    1   61   15  1523706    0    759    6    7    3   52    1      3    104     41
000974039052    1    1   61   16  2345808    1    815    8    8    5   34    2      5    105     18
000974039052    1    1   61   17  2513706    1    640    6    7    3   51    2      3    106     31
000974039052    1    1   61   18  1501704    1    744    4    7    1   50    1      1    107     16
000974039052    1    1   61   19  1301804    0    729    4    8    1   30    1      1    108     32
000974039052    1    1   61   20  2551704    1    769    4    7    1   55    2      1    109     29
000974039052    1    1   61   21  1295808    0    657    8    8    5   29    1      5    110     19
000974039052    1    1   61   22  2505708    1    674    8    7    5   50    2      5    111     39
000974039052    1    1   61   23  1273806    0    866    6    8    3   27    1      3    112     12
000974039052    1    1   61   24  1455708    0    891    8    7    5   45    1      5    113     46
000974039052    1    1   61   25  2253806    1    619    6    8    3   25    2      3    114      3
000974039052    1    1   61   26  2473706    1    715    6    7    3   47    2      3    115     36
000974039052    1    1   61   27  2311804    1    683    4    8    1   31    2      1    116      5
000974039052    1    1   61   28  2481704    1    612    4    7    1   48    2      1    117     52
000974039052    1    1   61   29  1243806    0      0    6    8    3   24    1      3    118     38
000974039052    1    1   61   30  2215808    1    813    8    8    5   21    2      5    119     11
