SubjID Series Run Trial  StimID Correct RTime difficulty stim reldiff valence valid Spec1 Spec2 Spec3

000974039052     1    3    1  2573706    1    744    6    7    3   57    2      3     60     13
000974039052     1    3    2  2501704    0    821    4    7    1   50    2      1     61     18
000974039052     1    3    3  1525708    1    868    8    7    5   52    1      5     62     15
000974039052     1    3    4  2511704    1    784    4    7    1   51    2      1     63     11
000974039052     1    3    5  2593706    1    835    6    7    3   59    2      3     64      7
000974039052     1    3    6  1555708    1    663    8    7    5   55    1      5     65      5
000974039052     1    3    7  1513706    1    780    6    7    3   51    1      3     66      6
000974039052     1    3    8  1585708    1    658    8    7    5   58    1      5     67      2
000974039052     1    3    9  1585708    1    944    8    7    5   58    1      5     68     14
000974039052     1    3   10  2523706    1    870    6    7    3   52    2      3     69      8
000974039052     1    3   11  2581704    1    817    4    7    1   58    2      1     70      4
000974039052     1    3   12  2471704    1    710    4    7    1   47    2      1     71     19
000974039052     1    3   13  1593708    0    790    8    7    3   59    1      3     72      3
000974039052     1    3   14  1551706    1    765    6    7    1   55    1      1     73      9
000974039052     1    3   15  1525710    0    952   10    7    5   52    1      5     74     16
000974039052     1    3   16  2561706    1    749    6    7    1   56    2      1     75     10
000974039052     1    3   17  1585710    1    763   10    7    5   58    1      5     76     12
000974039052     1    3   18  2523708    1    757    8    7    3   52    2      3     77     17
000974039052     1    3   19  1535708    0    856    8    7    5   53    1      5     78      0
000974039052     1    3   20  2543706    1    796    6    7    3   54    2      3     79      1
000974039052     1    3   21  1521704    1    624    4    7    1   52    1      1     80     14
000974039052     1    3   22  2503706    1    813    6    7    3   50    2      3     81     19
000974039052     1    3   23  1565708    0    781    8    7    5   56    1      5     82      2
000974039052     1    3   24  2521704    1    760    4    7    1   52    2      1     83      7
000974039052     1    3   25  1523704    0    695    4    7    3   52    1      3     84      0
000974039052     1    3   26  2581702    1    740    2    7    1   58    2      1     85     18
000974039052     1    3   27  1545706    1    781    6    7    5   54    1      5     86     13
000974039052     1    3   28  1585706    1    624    6    7    5   58    1      5     87      9
000974039052     1    3   29  2531702    1    693    2    7    1   53    2      1     88     15
000974039052     1    3   30  2513704    1    699    4    7    3   51    2      3     89      4
