Obj task: Site= 048  ID= 009  Visit= 48  Series= 48 Run= 48 TaskRun= 57
Obj task: Site=      ID= 74039052  Visit= 1  Series= 100 Run= 3 TaskRun= 3
Versions:  Task= 4/79  CIGAL= 4.81.91  CIGAL_VSync= 48150/125
ParamFile: ObjRun/OTAdaptRun3.ppf
StimSet: 1  ObjLists: ObjRun/ot_objtrials11.txt

  StimNum     OnTime       StimID StimFlag     RTimeMS RespKey   CorrectKey Accuracy

      0        0.010            0       0            0       0            0       0
      1        4.011       571100       0            0       0            0       0
      2        5.018            0       0            0       0            0       0
      3        5.523       573406     128            0       0            0       0
      4        9.000            0       0            0       0            0       0
      5       11.007      2573706       1          744     208          208       1
      6       12.000            0       0            0       0            0       0
      7       15.022       505100       0            0       0            0       0
      8       16.023            0       0            0       0            0       0
      9       16.519       501404     128            0       0            0       0
     10       20.000            0       0            0       0            0       0
     11       22.021      2501704       1          821     203          208       0
     12       23.000            0       0            0       0            0       0
     13       26.021       523100       0            0       0            0       0
     14       27.025            0       0            0       0            0       0
     15       27.517       525408     128            0       0            0       0
     16       31.000            0       0            0       0            0       0
     17       33.034      1525708       1          868     203          203       1
     18       34.000            0       0            0       0            0       0
     19       37.009       511100       0            0       0            0       0
     20       38.007            0       0            0       0            0       0
     21       38.510       511404     128            0       0            0       0
     22       42.000            0       0            0       0            0       0
     23       44.010      2511704       1          784     208          208       1
     24       45.000            0       0            0       0            0       0
     25       48.032       591100       0            0       0            0       0
     26       49.009            0       0            0       0            0       0
     27       49.508       593406     128            0       0            0       0
     28       53.000            0       0            0       0            0       0
     29       55.015      2593706       1          835     208          208       1
     30       56.000            0       0            0       0            0       0
     31       59.010       551100       0            0       0            0       0
     32       60.006            0       0            0       0            0       0
     33       60.507       555408     128            0       0            0       0
     34       64.000            0       0            0       0            0       0
     35       66.008      1555708       1          663     203          203       1
     36       67.000          900       0            0       0            0       0
     37       67.000            0       0            0       0            0       0
     38       70.014       515100       0            0       0            0       0
     39       71.011            0       0            0       0            0       0
     40       71.506       513406     128            0       0            0       0
     41       75.000            0       0            0       0            0       0
     42       77.017      1513706       1          780     203          203       1
     43       78.000            0       0            0       0            0       0
     44       81.017       585100       0            0       0            0       0
     45       82.011            0       0            0       0            0       0
     46       82.511       585408     128            0       0            0       0
     47       86.000            0       0            0       0            0       0
     48       88.007      1585708       1          658     203          203       1
     49       89.000            0       0            0       0            0       0
     50       92.016       585100       0            0       0            0       0
     51       93.015            0       0            0       0            0       0
     52       93.507       585408     128            0       0            0       0
     53       97.000            0       0            0       0            0       0
     54       99.010      1585708       1          944     203          203       1
     55      100.000            0       0            0       0            0       0
     56      103.007       523100       0            0       0            0       0
     57      104.005            0       0            0       0            0       0
     58      104.508       523406     128            0       0            0       0
     59      108.000            0       0            0       0            0       0
     60      110.008      2523706       1          870     208          208       1
     61      111.000            0       0            0       0            0       0
     62      114.006       581100       0            0       0            0       0
     63      115.005            0       0            0       0            0       0
     64      115.506       581404     128            0       0            0       0
     65      119.000            0       0            0       0            0       0
     66      121.006      2581704       1          817     208          208       1
     67      122.000            0       0            0       0            0       0
     68      125.012       471100       0            0       0            0       0
     69      126.005            0       0            0       0            0       0
     70      126.507       471404     128            0       0            0       0
     71      130.000            0       0            0       0            0       0
     72      132.009      2471704       1          710     208          208       1
     73      133.000          900       0            0       0            0       0
     74      133.000            0       0            0       0            0       0
     75      136.011       591100       0            0       0            0       0
     76      137.005            0       0            0       0            0       0
     77      137.510       593408     128            0       0            0       0
     78      141.000            0       0            0       0            0       0
     79      143.006      1593708       1          790     208          203       0
     80      144.000            0       0            0       0            0       0
     81      147.006       555100       0            0       0            0       0
     82      148.005            0       0            0       0            0       0
     83      148.508       551406     128            0       0            0       0
     84      152.000            0       0            0       0            0       0
     85      154.006      1551706       1          765     203          203       1
     86      155.000            0       0            0       0            0       0
     87      158.007       523100       0            0       0            0       0
     88      159.005            0       0            0       0            0       0
     89      159.506       525410     128            0       0            0       0
     90      163.000            0       0            0       0            0       0
     91      165.028      1525710       1          952     208          203       0
     92      166.000            0       0            0       0            0       0
     93      169.012       561100       0            0       0            0       0
     94      170.007            0       0            0       0            0       0
     95      170.509       561406     128            0       0            0       0
     96      174.000            0       0            0       0            0       0
     97      176.028      2561706       1          749     208          208       1
     98      177.000            0       0            0       0            0       0
     99      180.021       581100       0            0       0            0       0
    100      181.010            0       0            0       0            0       0
    101      181.507       585410     128            0       0            0       0
    102      185.000            0       0            0       0            0       0
    103      187.006      1585710       1          763     203          203       1
    104      188.000            0       0            0       0            0       0
    105      191.011       525100       0            0       0            0       0
    106      192.005            0       0            0       0            0       0
    107      192.506       523408     128            0       0            0       0
    108      196.000            0       0            0       0            0       0
    109      198.006      2523708       1          757     208          208       1
    110      199.000          900       0            0       0            0       0
    111      199.000            0       0            0       0            0       0
    112      202.006       535100       0            0       0            0       0
    113      203.005            0       0            0       0            0       0
    114      203.514       535408     128            0       0            0       0
    115      207.000            0       0            0       0            0       0
    116      209.008      1535708       1          856     208          203       0
    117      210.000            0       0            0       0            0       0
    118      213.039       545100       0            0       0            0       0
    119      214.031            0       0            0       0            0       0
    120      214.508       543406     128            0       0            0       0
    121      218.000            0       0            0       0            0       0
    122      220.022      2543706       1          796     208          208       1
    123      221.000            0       0            0       0            0       0
    124      224.006       521100       0            0       0            0       0
    125      225.005            0       0            0       0            0       0
    126      225.506       521404     128            0       0            0       0
    127      229.000            0       0            0       0            0       0
    128      231.028      1521704       1          624     203          203       1
    129      232.000            0       0            0       0            0       0
    130      235.016       503100       0            0       0            0       0
    131      236.005            0       0            0       0            0       0
    132      236.507       503406     128            0       0            0       0
    133      240.000            0       0            0       0            0       0
    134      242.007      2503706       1          813     208          208       1
    135      243.000            0       0            0       0            0       0
    136      246.006       565100       0            0       0            0       0
    137      247.005            0       0            0       0            0       0
    138      247.506       565408     128            0       0            0       0
    139      251.000            0       0            0       0            0       0
    140      253.007      1565708       1          781     208          203       0
    141      254.000            0       0            0       0            0       0
    142      257.010       523100       0            0       0            0       0
    143      258.005            0       0            0       0            0       0
    144      258.507       521404     128            0       0            0       0
    145      262.000            0       0            0       0            0       0
    146      264.009      2521704       1          760     208          208       1
    147      265.000          900       0            0       0            0       0
    148      265.000            0       0            0       0            0       0
    149      268.007       523100       0            0       0            0       0
    150      269.005            0       0            0       0            0       0
    151      269.509       523404     128            0       0            0       0
    152      273.000            0       0            0       0            0       0
    153      275.011      1523704       1          695     208          203       0
    154      276.000            0       0            0       0            0       0
    155      279.006       585100       0            0       0            0       0
    156      280.005            0       0            0       0            0       0
    157      280.506       581402     128            0       0            0       0
    158      284.000            0       0            0       0            0       0
    159      286.007      2581702       1          740     208          208       1
    160      287.000            0       0            0       0            0       0
    161      290.006       541100       0            0       0            0       0
    162      291.005            0       0            0       0            0       0
    163      291.507       545406     128            0       0            0       0
    164      295.000            0       0            0       0            0       0
    165      297.011      1545706       1          781     203          203       1
    166      298.000            0       0            0       0            0       0
    167      301.006       585100       0            0       0            0       0
    168      302.005            0       0            0       0            0       0
    169      302.506       585406     128            0       0            0       0
    170      306.000            0       0            0       0            0       0
    171      308.015      1585706       1          624     203          203       1
    172      309.000            0       0            0       0            0       0
    173      312.007       531100       0            0       0            0       0
    174      313.006            0       0            0       0            0       0
    175      313.507       531402     128            0       0            0       0
    176      317.000            0       0            0       0            0       0
    177      319.006      2531702       1          693     208          208       1
    178      320.000            0       0            0       0            0       0
    179      323.008       515100       0            0       0            0       0
    180      324.006            0       0            0       0            0       0
    181      324.506       513404     128            0       0            0       0
    182      328.000            0       0            0       0            0       0
    183      330.006      2513704       1          699     208          208       1
    184      331.000          900       0            0       0            0       0
    185      331.000            0       0            0       0            0       0
    186      335.000            0       0            0       0            0       0

Stim       Id Diff Order Obj Lvl  

   60  573406    6   13 3208    3    1    0 
   61  501404    4   18 2731    3    1    0 
   62  525408    8   15  808    3    1    0 
   63  511404    4   11 1709    3    1    0 
   64  593406    6    7 3238    3    1    0 
   65  555408    8    5   50    3    1    0 
   66  513406    6    6 1265    3    1    0 
   67  585408    8    2 1556    3    1    0 
   68  585408    8   14 2669    3    1    0 
   69  523406    6    8  160    3    1    0 
   70  581404    4    4  374    3    1    0 
   71  471404    4   19 2988    3    1    0 
   72  593408    8    3 1698    5    1    0 
   73  551406    6    9  632    5    1    0 
   74  525410   10   16 1395    5    1    0 
   75  561406    6   10 1111    5    1    0 
   76  585410   10   12 1730    5    1    0 
   77  523408    8   17   66    5    1    0 
   78  535408    8    0  811    3    1    0 
   79  543406    6    1  573    3    1    0 
   80  521404    4   14 3019    3    1    0 
   81  503406    6   19  493    3    1    0 
   82  565408    8    2 2927    3    1    0 
   83  521404    4    7 1441    3    1    0 
   84  523404    4    0 2871    1    1    0 
   85  581402    2   18 2111    1    1    0 
   86  545406    6   13 2504    1    1    0 
   87  585406    6    9 1297    1    1    0 
   88  531402    2   15  108    1    1    0 
   89  513404    4    4 2170    1    1    0 

Trial      Id Diff  Lvl  Obj Stim  Ans Resp  Acc     RT

    1 2573706    6    3 2821   60  208  208    1    744
    2 2501704    4    3  648   61  208  203    0    821
    3 1525708    8    3  808   62  203  203    1    868
    4 2511704    4    3 1496   63  208  208    1    784
    5 2593706    6    3  992   64  208  208    1    835
    6 1555708    8    3   50   65  203  203    1    663
    7 1513706    6    3 1265   66  203  203    1    780
    8 1585708    8    3 1556   67  203  203    1    658
    9 1585708    8    3 2669   68  203  203    1    944
   10 2523706    6    3 1426   69  208  208    1    870
   11 2581704    4    3  391   70  208  208    1    817
   12 2471704    4    3 1963   71  208  208    1    710
   13 1593708    8    5 1698   72  203  208    0    790
   14 1551706    6    5  632   73  203  203    1    765
   15 1525710   10    5 1395   74  203  208    0    952
   16 2561706    6    5 1252   75  208  208    1    749
   17 1585710   10    5 1730   76  203  203    1    763
   18 2523708    8    5 1110   77  208  208    1    757
   19 1535708    8    3  811   78  203  208    0    856
   20 2543706    6    3  283   79  208  208    1    796
   21 1521704    4    3 3019   80  203  203    1    624
   22 2503706    6    3  324   81  208  208    1    813
   23 1565708    8    3 2927   82  203  208    0    781
   24 2521704    4    3 2904   83  208  208    1    760
   25 1523704    4    1 2871   84  203  208    0    695
   26 2581702    2    1 1719   85  208  208    1    740
   27 1545706    6    1 2504   86  203  203    1    781
   28 1585706    6    1 1297   87  203  203    1    624
   29 2531702    2    1  598   88  208  208    1    693
   30 2513704    4    1  450   89  208  208    1    699

Summary table:
 Nobjs Ntrials Accuracy RespTime

     1      0      0      0      0 
     2      2    100    717      0 
     3      0      0      0      0 
     4      8     75    739      0 
     5      0      0      0      0 
     6     10    100    776      0 
     7      0      0      0      0 
     8      8     63    790      0 
     9      0      0      0      0 
    10      2     50    858      0 

Adaptlevel  final= 1  mean= 2.6  use=3

adaptlvl = 3
