   5.5     6.5  1
  16.5     6.5  1
  27.5     6.5  1
  38.5     6.5  1
  49.5     6.5  1
  60.5     6.5  1
  71.5     6.5  1
  82.5     6.5  1
  93.5     6.5  1
 104.5     6.5  1
 115.5     6.5  1
 126.5     6.5  1
 137.5     6.5  1
 148.5     6.5  1
 159.5     6.5  1
 170.5     6.5  1
 181.5     6.5  1
 192.5     6.5  1
 203.5     6.5  1
 214.5     6.5  1
 225.5     6.5  1
 236.5     6.5  1
 247.5     6.5  1
 258.5     6.5  1
 269.5     6.5  1
 280.5     6.5  1
 291.5     6.5  1
 302.5     6.5  1
 313.5     6.5  1
 324.5     6.5  1
