Obj task: Site= 0009  ID= 000974039052  Visit= 1  Series= 11 Run= 63 TaskRun= 63 Subjflag= 1
Versions:  Task= 4/87  CIGAL= 4.81.91  CIGAL_VSync= 48150/124
ParamFile: ObjRun/OTRun63.ppf
StimSet: 7  ObjLists: ObjRun/ot_objtrials11_7.txt

  StimNum     OnTime       StimID StimFlag     RTimeMS RespKey   CorrectKey Accuracy

      0        0.001            0       0            0       0            0       0
      1        3.990       485100       0            0       0            0       0
      2        4.989            0       0            0       0            0       0
      3        5.490       485408     128            0       0            0       0
      4        8.988            0       0            0       0            0       0
      5       10.990      2485708       1          727      50           50       1
      6       11.988            0       0            0       0            0       0
      7       15.990       235200       0            0       0            0       0
      8       16.989            0       0            0       0            0       0
      9       17.490       235508     128            0       0            0       0
     10       20.988            0       0            0       0            0       0
     11       22.990      2235808       1          831      50           50       1
     12       23.988            0       0            0       0            0       0
     13       25.990       210600       0            0       0            0       0
     14       26.989            0       0            0       0            0       0
     15       33.990       343200       0            0       0            0       0
     16       34.989            0       0            0       0            0       0
     17       35.490       343506     128            0       0            0       0
     18       38.988            0       0            0       0            0       0
     19       40.990      1343806       1          720      49           49       1
     20       41.988            0       0            0       0            0       0
     21       45.990       481100       0            0       0            0       0
     22       46.989            0       0            0       0            0       0
     23       47.490       481404     128            0       0            0       0
     24       50.988            0       0            0       0            0       0
     25       52.990      2481704       1          616      50           50       1
     26       53.988            0       0            0       0            0       0
     27       55.990       271200       0            0       0            0       0
     28       56.989            0       0            0       0            0       0
     29       57.490       271504     128            0       0            0       0
     30       60.988            0       0            0       0            0       0
     31       62.990      1271804       1          880      50           49       0
     32       63.988            0       0            0       0            0       0
     33       65.990       575100       0            0       0            0       0
     34       66.989            0       0            0       0            0       0
     35       67.490       575408     128            0       0            0       0
     36       70.988            0       0            0       0            0       0
     37       72.990      1575708       1          769      49           49       1
     38       73.988            0       0            0       0            0       0
     39       79.990       451100       0            0       0            0       0
     40       80.989            0       0            0       0            0       0
     41       81.490       451404     128            0       0            0       0
     42       84.988            0       0            0       0            0       0
     43       86.990      1451704       1          625      49           49       1
     44       87.988            0       0            0       0            0       0
     45       93.990       530300       0            0       0            0       0
     46       94.989            0       0            0       0            0       0
     47       99.990       331200       0            0       0            0       0
     48      100.989            0       0            0       0            0       0
     49      101.490       331504     128            0       0            0       0
     50      104.988            0       0            0       0            0       0
     51      106.990      1331804       1          522      49           49       1
     52      107.988            0       0            0       0            0       0
     53      109.990       523100       0            0       0            0       0
     54      110.989            0       0            0       0            0       0
     55      111.490       523406     128            0       0            0       0
     56      114.988            0       0            0       0            0       0
     57      116.990      1523706       1          738      50           49       0
     58      117.988            0       0            0       0            0       0
     59      119.990       325200       0            0       0            0       0
     60      120.989            0       0            0       0            0       0
     61      121.490       325508     128            0       0            0       0
     62      124.988            0       0            0       0            0       0
     63      126.990      1325808       1          506      49           49       1
     64      127.989            0       0            0       0            0       0
     65      131.990       505100       0            0       0            0       0
     66      132.989            0       0            0       0            0       0
     67      133.490       505408     128            0       0            0       0
     68      136.988            0       0            0       0            0       0
     69      138.990      2505708       1          739      50           50       1
     70      139.988            0       0            0       0            0       0
     71      141.990       293200       0            0       0            0       0
     72      142.989            0       0            0       0            0       0
     73      143.490       293506     128            0       0            0       0
     74      146.989            0       0            0       0            0       0
     75      148.990      2293806       1          651      50           50       1
     76      149.989            0       0            0       0            0       0
     77      151.991       453100       0            0       0            0       0
     78      152.989            0       0            0       0            0       0
     79      153.490       453406     128            0       0            0       0
     80      156.988            0       0            0       0            0       0
     81      158.990      1453706       1          740      49           49       1
     82      159.988            0       0            0       0            0       0
     83      161.990       520300       0            0       0            0       0
     84      162.989            0       0            0       0            0       0
     85      169.990       543100       0            0       0            0       0
     86      170.989            0       0            0       0            0       0
     87      171.490       543406     128            0       0            0       0
     88      174.988            0       0            0       0            0       0
     89      176.990      1543706       1          612      50           49       0
     90      177.988            0       0            0       0            0       0
     91      181.990       480300       0            0       0            0       0
     92      182.989            0       0            0       0            0       0
     93      187.990       283200       0            0       0            0       0
     94      188.989            0       0            0       0            0       0
     95      189.490       283506     128            0       0            0       0
     96      192.988            0       0            0       0            0       0
     97      194.990      2283806       1          677      50           50       1
     98      195.989            0       0            0       0            0       0
     99      199.990       200600       0            0       0            0       0
    100      200.989            0       0            0       0            0       0
    101      205.990       295200       0            0       0            0       0
    102      206.989            0       0            0       0            0       0
    103      207.490       295508     128            0       0            0       0
    104      210.988            0       0            0       0            0       0
    105      212.990      2295808       1          661      50           50       1
    106      213.989            0       0            0       0            0       0
    107      219.990       523100       0            0       0            0       0
    108      220.989            0       0            0       0            0       0
    109      221.490       523406     128            0       0            0       0
    110      224.988            0       0            0       0            0       0
    111      226.990      2523706       1          750      50           50       1
    112      227.988            0       0            0       0            0       0
    113      231.990       231200       0            0       0            0       0
    114      232.989            0       0            0       0            0       0
    115      233.490       231504     128            0       0            0       0
    116      236.988            0       0            0       0            0       0
    117      238.990      2231804       1          622      50           50       1
    118      239.988            0       0            0       0            0       0
    119      243.990       330600       0            0       0            0       0
    120      244.989            0       0            0       0            0       0
    121      249.990       491100       0            0       0            0       0
    122      250.989            0       0            0       0            0       0
    123      251.490       491404     128            0       0            0       0
    124      254.988            0       0            0       0            0       0
    125      256.990      2491704       1          543      50           50       1
    126      257.988            0       0            0       0            0       0
    127      259.990       285200       0            0       0            0       0
    128      260.989            0       0            0       0            0       0
    129      261.490       285508     128            0       0            0       0
    130      264.988            0       0            0       0            0       0
    131      266.990      1285808       1          615      50           49       0
    132      267.988            0       0            0       0            0       0
    133      269.990       505100       0            0       0            0       0
    134      270.989            0       0            0       0            0       0
    135      271.490       505408     128            0       0            0       0
    136      274.988            0       0            0       0            0       0
    137      276.990      1505708       1          631      50           49       0
    138      277.988            0       0            0       0            0       0
    139      279.990       231200       0            0       0            0       0
    140      280.989            0       0            0       0            0       0
    141      281.490       231504     128            0       0            0       0
    142      284.988            0       0            0       0            0       0
    143      286.990      1231804       1          735      49           49       1
    144      287.988            0       0            0       0            0       0
    145      289.990       160600       0            0       0            0       0
    146      290.989            0       0            0       0            0       0
    147      295.990       505100       0            0       0            0       0
    148      296.989            0       0            0       0            0       0
    149      297.490       505408     128            0       0            0       0
    150      300.988            0       0            0       0            0       0
    151      302.990      2505708       1          608      50           50       1
    152      303.988            0       0            0       0            0       0
    153      305.990       480300       0            0       0            0       0
    154      306.989            0       0            0       0            0       0
    155      311.990       531100       0            0       0            0       0
    156      312.989            0       0            0       0            0       0
    157      313.490       531404     128            0       0            0       0
    158      316.988            0       0            0       0            0       0
    159      318.990      2531704       1          641      50           50       1
    160      319.988            0       0            0       0            0       0
    161      321.990       343200       0            0       0            0       0
    162      322.989            0       0            0       0            0       0
    163      323.490       343506     128            0       0            0       0
    164      326.988            0       0            0       0            0       0
    165      328.990      2343806       1          681      50           50       1
    166      329.988            0       0            0       0            0       0
    167      331.990       521100       0            0       0            0       0
    168      332.989            0       0            0       0            0       0
    169      333.490       521404     128            0       0            0       0
    170      336.988            0       0            0       0            0       0
    171      338.990      1521704       1          721      49           49       1
    172      339.988            0       0            0       0            0       0
    173      343.990       331200       0            0       0            0       0
    174      344.989            0       0            0       0            0       0
    175      345.490       331504     128            0       0            0       0
    176      348.988            0       0            0       0            0       0
    177      350.990      2331804       1          610      50           50       1
    178      351.988            0       0            0       0            0       0
    179      357.990       225200       0            0       0            0       0
    180      358.989            0       0            0       0            0       0
    181      359.490       225508     128            0       0            0       0
    182      362.988            0       0            0       0            0       0
    183      364.990      1225808       1          690      50           49       0
    184      365.988            0       0            0       0            0       0
    185      367.990       503100       0            0       0            0       0
    186      368.989            0       0            0       0            0       0
    187      369.490       503406     128            0       0            0       0
    188      372.988            0       0            0       0            0       0
    189      374.990      2503706       1          819      50           50       1
    190      375.988            0       0            0       0            0       0
    191      377.990       283200       0            0       0            0       0
    192      378.989            0       0            0       0            0       0
    193      379.490       283506     128            0       0            0       0
    194      382.988            0       0            0       0            0       0
    195      384.990      1283806       1          723      50           49       0
    196      385.988            0       0            0       0            0       0
    197      400.988            0       0            0       0            0       0

Stim       Id Diff Order Obj Lvl  

  150  485408    8  156 2444    3    1    0 
  151  235508    8   51 3326    3    1    0 
  152  343506    6   33 3219    3    1    0 
  153  481404    4  173 2430    3    1    0 
  154  271504    4   65 1596    3    1    0 
  155  575408    8   66 2609    3    1    0 
  156  451404    4   82  195    3    1    0 
  157  331504    4  148 2601    3    1    0 
  158  523406    6   75 1436    3    1    0 
  159  325508    8  134 3310    3    1    0 
  160  505408    8  140 2661    3    1    0 
  161  293506    6  153 2781    3    1    0 
  162  453406    6   71 2587    3    1    0 
  163  543406    6   89 1903    3    1    0 
  164  283506    6   81  579    3    1    0 
  165  295508    8  141 3320    3    1    0 
  166  523406    6   77 1691    3    1    0 
  167  231504    4   83  562    3    1    0 
  168  491404    4  176 2926    3    1    0 
  169  285508    8   79  659    3    1    0 
  170  505408    8  101 2971    3    1    0 
  171  231504    4   98 2175    3    1    0 
  172  505408    8  160  114    3    1    0 
  173  531404    4  163 1404    3    1    0 
  174  343506    6   57 3151    3    1    0 
  175  521404    4   68  897    3    1    0 
  176  331504    4  120 2230    3    1    0 
  177  225508    8  128 2243    3    1    0 
  178  503406    6  182 1529    3    1    0 
  179  283506    6  106  158    3    1    0 

Trial      Id Diff  Lvl  Obj Stim  Ans Resp  Acc     RT

    1 2485708    8    3 2004  150   50   50    1    727
    2 2235808    8    3 1591  151   50   50    1    831
    3 1343806    6    3 3219  152   49   49    1    720
    4 2481704    4    3  995  153   50   50    1    616
    5 1271804    4    3 1596  154   49   50    0    880
    6 1575708    8    3 2609  155   49   49    1    769
    7 1451704    4    3  195  156   49   49    1    625
    8 1331804    4    3 2601  157   49   49    1    522
    9 1523706    6    3 1436  158   49   50    0    738
   10 1325808    8    3 3310  159   49   49    1    506
   11 2505708    8    3 2182  160   50   50    1    739
   12 2293806    6    3  796  161   50   50    1    651
   13 1453706    6    3 2587  162   49   49    1    740
   14 1543706    6    3 1903  163   49   50    0    612
   15 2283806    6    3 1578  164   50   50    1    677
   16 2295808    8    3  253  165   50   50    1    661
   17 2523706    6    3 1231  166   50   50    1    750
   18 2231804    4    3  738  167   50   50    1    622
   19 2491704    4    3 3011  168   50   50    1    543
   20 1285808    8    3  659  169   49   50    0    615
   21 1505708    8    3 2971  170   49   50    0    631
   22 1231804    4    3 2175  171   49   49    1    735
   23 2505708    8    3   97  172   50   50    1    608
   24 2531704    4    3  855  173   50   50    1    641
   25 2343806    6    3 1204  174   50   50    1    681
   26 1521704    4    3  897  175   49   49    1    721
   27 2331804    4    3  761  176   50   50    1    610
   28 1225808    8    3 2243  177   49   50    0    690
   29 2503706    6    3  699  178   50   50    1    819
   30 1283806    6    3  158  179   49   50    0    723

Summary table:
 Nobjs Ntrials Accuracy RespTime

     1      0      0      0      0 
     2      0      0      0      0 
     3      0      0      0      0 
     4     10     90    652      0 
     5      0      0      0      0 
     6     10     70    711      0 
     7      0      0      0      0 
     8     10     70    678      0 
     0      0      0      0      0 
     0      0      0      0      0 

adaptlvl = 3
