SubjID Series Run Trial  StimID Correct RTime difficulty stim reldiff valence valid Spec1 Spec2 Spec3

000974039052    1    1   63    1  2485708    1    727    8    7    5   48    2      5    150    156
000974039052    1    1   63    2  2235808    1    831    8    8    5   23    2      5    151     51
000974039052    1    1   63    3  1343806    1    720    6    8    3   34    1      3    152     33
000974039052    1    1   63    4  2481704    1    616    4    7    1   48    2      1    153    173
000974039052    1    1   63    5  1271804    0    880    4    8    1   27    1      1    154     65
000974039052    1    1   63    6  1575708    1    769    8    7    5   57    1      5    155     66
000974039052    1    1   63    7  1451704    1    625    4    7    1   45    1      1    156     82
000974039052    1    1   63    8  1331804    1    522    4    8    1   33    1      1    157    148
000974039052    1    1   63    9  1523706    0    738    6    7    3   52    1      3    158     75
000974039052    1    1   63   10  1325808    1    506    8    8    5   32    1      5    159    134
000974039052    1    1   63   11  2505708    1    739    8    7    5   50    2      5    160    140
000974039052    1    1   63   12  2293806    1    651    6    8    3   29    2      3    161    153
000974039052    1    1   63   13  1453706    1    740    6    7    3   45    1      3    162     71
000974039052    1    1   63   14  1543706    0    612    6    7    3   54    1      3    163     89
000974039052    1    1   63   15  2283806    1    677    6    8    3   28    2      3    164     81
000974039052    1    1   63   16  2295808    1    661    8    8    5   29    2      5    165    141
000974039052    1    1   63   17  2523706    1    750    6    7    3   52    2      3    166     77
000974039052    1    1   63   18  2231804    1    622    4    8    1   23    2      1    167     83
000974039052    1    1   63   19  2491704    1    543    4    7    1   49    2      1    168    176
000974039052    1    1   63   20  1285808    0    615    8    8    5   28    1      5    169     79
000974039052    1    1   63   21  1505708    0    631    8    7    5   50    1      5    170    101
000974039052    1    1   63   22  1231804    1    735    4    8    1   23    1      1    171     98
000974039052    1    1   63   23  2505708    1    608    8    7    5   50    2      5    172    160
000974039052    1    1   63   24  2531704    1    641    4    7    1   53    2      1    173    163
000974039052    1    1   63   25  2343806    1    681    6    8    3   34    2      3    174     57
000974039052    1    1   63   26  1521704    1    721    4    7    1   52    1      1    175     68
000974039052    1    1   63   27  2331804    1    610    4    8    1   33    2      1    176    120
000974039052    1    1   63   28  1225808    0    690    8    8    5   22    1      5    177    128
000974039052    1    1   63   29  2503706    1    819    6    7    3   50    2      3    178    182
000974039052    1    1   63   30  1283806    0    723    6    8    3   28    1      3    179    106
