SubjID Series Run Trial  StimID Correct RTime difficulty stim reldiff valence valid Spec1 Spec2 Spec3 Spec4 Spec5 Spec6 Spec7 Spec8

000974039052     1    1    1  1575706    0   1352    6    7    5   57    1      5      0      6      0      0      0      0      0
000974039052     1    1    2  1583704    0   1237    4    7    3   58    1      3      1      2      0      0      0      0      0
000974039052     1    1    3  2591702    1    679    2    7    1   59    2      1      2     17      0      0      0      0      0
000974039052     1    1    4  2563704    1    968    4    7    3   56    2      3      3     13      0      0      0      0      0
000974039052     1    1    5  1565706    1   1044    6    7    5   56    1      5      4     10      0      0      0      0      0
000974039052     1    1    6  2511702    1    784    2    7    1   51    2      1      5      1      0      0      0      0      0
000974039052     1    1    7  2521702    1    769    2    7    1   52    2      1      6     14      0      0      0      0      0
000974039052     1    1    8  2533704    1    765    4    7    3   53    2      3      7     16      0      0      0      0      0
000974039052     1    1    9  2521702    1    587    2    7    1   52    2      1      8      3      0      0      0      0      0
000974039052     1    1   10  1585706    1    871    6    7    5   58    1      5      9     18      0      0      0      0      0
000974039052     1    1   11  2523704    1    660    4    7    3   52    2      3     10     19      0      0      0      0      0
000974039052     1    1   12  1505706    1    748    6    7    5   50    1      5     11     11      0      0      0      0      0
000974039052     1    1   13  1493706    0   1045    6    7    3   49    1      3     12      4      0      0      0      0      0
000974039052     1    1   14  2565708    1    893    8    7    5   56    2      5     13      0      0      0      0      0      0
000974039052     1    1   15  2591704    1    696    4    7    1   59    2      1     14      5      0      0      0      0      0
000974039052     1    1   16  1583706    1    846    6    7    3   58    1      3     15      7      0      0      0      0      0
000974039052     1    1   17  1541704    1    770    4    7    1   54    1      1     16     15      0      0      0      0      0
000974039052     1    1   18  1545708    0   1100    8    7    5   54    1      5     17      9      0      0      0      0      0
000974039052     1    1   19  1521704    1    988    4    7    1   52    1      1     18      8      0      0      0      0      0
000974039052     1    1   20  1565708    0    823    8    7    5   56    1      5     19     12      0      0      0      0      0
000974039052     1    1   21  2533706    1    623    6    7    3   53    2      3     20     17      0      0      0      0      0
000974039052     1    1   22  2503706    1    711    6    7    3   50    2      3     21     13      0      0      0      0      0
000974039052     1    1   23  2575708    1    713    8    7    5   57    2      5     22      0      0      0      0      0      0
000974039052     1    1   24  1581704    1   1136    4    7    1   58    1      1     23      8      0      0      0      0      0
000974039052     1    1   25  2591702    1    639    2    7    1   59    2      1     24      6      0      0      0      0      0
000974039052     1    1   26  1525706    1    755    6    7    5   52    1      5     25      9      0      0      0      0      0
000974039052     1    1   27  1533704    1    819    4    7    3   53    1      3     26      5      0      0      0      0      0
000974039052     1    1   28  2525706    1    695    6    7    5   52    2      5     27     15      0      0      0      0      0
000974039052     1    1   29  2551702    1    857    2    7    1   55    2      1     28     10      0      0      0      0      0
000974039052     1    1   30  1593704    1    657    4    7    3   59    1      3     29      1      0      0      0      0      0
