Obj task: Site= 048  ID= 009  Visit= 48  Series= 48 Run= 48 TaskRun= 57
Obj task: Site=      ID= 74039052  Visit= 1  Series= 100 Run= 1 TaskRun= 1
Versions:  Task= 4/79  CIGAL= 4.81.91  CIGAL_VSync= 48150/125
ParamFile: ObjRun/OTAdaptRun1.ppf
StimSet: 1  ObjLists: ObjRun/ot_objtrials11.txt

  StimNum     OnTime       StimID StimFlag     RTimeMS RespKey   CorrectKey Accuracy

      0        0.003            0       0            0       0            0       0
      1        4.006       573100       0            0       0            0       0
      2        5.007            0       0            0       0            0       0
      3        5.509       575406     128            0       0            0       0
      4        9.000            0       0            0       0            0       0
      5       11.014      1575706       1         1352     208          203       0
      6       12.000            0       0            0       0            0       0
      7       15.009       583100       0            0       0            0       0
      8       16.005            0       0            0       0            0       0
      9       16.507       583404     128            0       0            0       0
     10       20.000            0       0            0       0            0       0
     11       22.034      1583704       1         1237     208          203       0
     12       23.000            0       0            0       0            0       0
     13       26.006       595100       0            0       0            0       0
     14       27.005            0       0            0       0            0       0
     15       27.510       591402     128            0       0            0       0
     16       31.000            0       0            0       0            0       0
     17       33.032      2591702       1          679     208          208       1
     18       34.000            0       0            0       0            0       0
     19       37.027       561100       0            0       0            0       0
     20       38.035            0       0            0       0            0       0
     21       38.514       563404     128            0       0            0       0
     22       42.000            0       0            0       0            0       0
     23       44.007      2563704       1          968     208          208       1
     24       45.000            0       0            0       0            0       0
     25       48.006       563100       0            0       0            0       0
     26       49.005            0       0            0       0            0       0
     27       49.508       565406     128            0       0            0       0
     28       53.000            0       0            0       0            0       0
     29       55.007      1565706       1         1044     203          203       1
     30       56.000            0       0            0       0            0       0
     31       59.008       513100       0            0       0            0       0
     32       60.005            0       0            0       0            0       0
     33       60.511       511402     128            0       0            0       0
     34       64.000            0       0            0       0            0       0
     35       66.006      2511702       1          784     208          208       1
     36       67.000          900       0            0       0            0       0
     37       67.000       525100       0            0       0            0       0
     38       68.007            0       0            0       0            0       0
     39       68.534       521402     128            0       0            0       0
     40       72.000            0       0            0       0            0       0
     41       74.010      2521702       1          769     208          208       1
     42       75.000            0       0            0       0            0       0
     43       78.012       533100       0            0       0            0       0
     44       79.005            0       0            0       0            0       0
     45       79.507       533404     128            0       0            0       0
     46       83.000            0       0            0       0            0       0
     47       85.013      2533704       1          765     208          208       1
     48       86.000            0       0            0       0            0       0
     49       89.006       523100       0            0       0            0       0
     50       90.008            0       0            0       0            0       0
     51       90.506       521402     128            0       0            0       0
     52       94.000            0       0            0       0            0       0
     53       96.010      2521702       1          587     208          208       1
     54       97.000            0       0            0       0            0       0
     55      100.006       583100       0            0       0            0       0
     56      101.005            0       0            0       0            0       0
     57      101.506       585406     128            0       0            0       0
     58      105.000            0       0            0       0            0       0
     59      107.006      1585706       1          871     203          203       1
     60      108.002            0       0            0       0            0       0
     61      111.007       521100       0            0       0            0       0
     62      112.005            0       0            0       0            0       0
     63      112.512       523404     128            0       0            0       0
     64      116.000            0       0            0       0            0       0
     65      118.018      2523704       1          660     208          208       1
     66      119.000            0       0            0       0            0       0
     67      122.006       505100       0            0       0            0       0
     68      123.007            0       0            0       0            0       0
     69      123.507       505406     128            0       0            0       0
     70      127.000            0       0            0       0            0       0
     71      129.009      1505706       1          748     203          203       1
     72      130.000          900       0            0       0            0       0
     73      130.000       493100       0            0       0            0       0
     74      131.005            0       0            0       0            0       0
     75      131.506       493406     128            0       0            0       0
     76      135.000            0       0            0       0            0       0
     77      137.006      1493706       1         1045     208          203       0
     78      138.000            0       0            0       0            0       0
     79      141.006       563100       0            0       0            0       0
     80      142.005            0       0            0       0            0       0
     81      142.506       565408     128            0       0            0       0
     82      146.000            0       0            0       0            0       0
     83      148.007      2565708       1          893     208          208       1
     84      149.000            0       0            0       0            0       0
     85      152.006       593100       0            0       0            0       0
     86      153.006            0       0            0       0            0       0
     87      153.506       591404     128            0       0            0       0
     88      157.000            0       0            0       0            0       0
     89      159.007      2591704       1          696     208          208       1
     90      160.000            0       0            0       0            0       0
     91      163.007       583100       0            0       0            0       0
     92      164.005            0       0            0       0            0       0
     93      164.506       583406     128            0       0            0       0
     94      168.000            0       0            0       0            0       0
     95      170.008      1583706       1          846     203          203       1
     96      171.000            0       0            0       0            0       0
     97      174.006       543100       0            0       0            0       0
     98      175.006            0       0            0       0            0       0
     99      175.506       541404     128            0       0            0       0
    100      179.000            0       0            0       0            0       0
    101      181.006      1541704       1          770     203          203       1
    102      182.000            0       0            0       0            0       0
    103      185.007       541100       0            0       0            0       0
    104      186.005            0       0            0       0            0       0
    105      186.506       545408     128            0       0            0       0
    106      190.000            0       0            0       0            0       0
    107      192.006      1545708       1         1100     208          203       0
    108      193.000          900       0            0       0            0       0
    109      193.001       523100       0            0       0            0       0
    110      194.007            0       0            0       0            0       0
    111      194.506       521404     128            0       0            0       0
    112      198.000            0       0            0       0            0       0
    113      200.007      1521704       1          988     203          203       1
    114      201.000            0       0            0       0            0       0
    115      204.008       561100       0            0       0            0       0
    116      205.006            0       0            0       0            0       0
    117      205.508       565408     128            0       0            0       0
    118      209.000            0       0            0       0            0       0
    119      211.006      1565708       1          823     208          203       0
    120      212.000            0       0            0       0            0       0
    121      215.027       535100       0            0       0            0       0
    122      216.014            0       0            0       0            0       0
    123      216.514       533406     128            0       0            0       0
    124      220.000            0       0            0       0            0       0
    125      222.007      2533706       1          623     208          208       1
    126      223.000            0       0            0       0            0       0
    127      226.007       505100       0            0       0            0       0
    128      227.005            0       0            0       0            0       0
    129      227.520       503406     128            0       0            0       0
    130      231.000            0       0            0       0            0       0
    131      233.006      2503706       1          711     208          208       1
    132      234.000            0       0            0       0            0       0
    133      237.006       573100       0            0       0            0       0
    134      238.014            0       0            0       0            0       0
    135      238.515       575408     128            0       0            0       0
    136      242.000            0       0            0       0            0       0
    137      244.008      2575708       1          713     208          208       1
    138      245.000            0       0            0       0            0       0
    139      248.007       583100       0            0       0            0       0
    140      249.006            0       0            0       0            0       0
    141      249.507       581404     128            0       0            0       0
    142      253.000            0       0            0       0            0       0
    143      255.008      1581704       1         1136     203          203       1
    144      256.000          900       0            0       0            0       0
    145      256.000       591100       0            0       0            0       0
    146      257.005            0       0            0       0            0       0
    147      257.506       591402     128            0       0            0       0
    148      261.000            0       0            0       0            0       0
    149      263.007      2591702       1          639     208          208       1
    150      264.000            0       0            0       0            0       0
    151      267.022       525100       0            0       0            0       0
    152      268.031            0       0            0       0            0       0
    153      268.509       525406     128            0       0            0       0
    154      272.000            0       0            0       0            0       0
    155      274.008      1525706       1          755     203          203       1
    156      275.000            0       0            0       0            0       0
    157      278.007       535100       0            0       0            0       0
    158      279.006            0       0            0       0            0       0
    159      279.509       533404     128            0       0            0       0
    160      283.000            0       0            0       0            0       0
    161      285.007      1533704       1          819     203          203       1
    162      286.000            0       0            0       0            0       0
    163      289.008       525100       0            0       0            0       0
    164      290.006            0       0            0       0            0       0
    165      290.517       525406     128            0       0            0       0
    166      294.000            0       0            0       0            0       0
    167      296.007      2525706       1          695     208          208       1
    168      297.000            0       0            0       0            0       0
    169      300.006       553100       0            0       0            0       0
    170      301.006            0       0            0       0            0       0
    171      301.506       551402     128            0       0            0       0
    172      305.000            0       0            0       0            0       0
    173      307.009      2551702       1          857     208          208       1
    174      308.000            0       0            0       0            0       0
    175      311.008       593100       0            0       0            0       0
    176      312.031            0       0            0       0            0       0
    177      312.523       593404     128            0       0            0       0
    178      316.000            0       0            0       0            0       0
    179      318.006      1593704       1          657     203          203       1
    180      319.000          900       0            0       0            0       0
    181      319.000            0       0            0       0            0       0
    182      323.001            0       0            0       0            0       0

Stim       Id Diff Order Obj Lvl  

    0  575406    6    6   23    1    1    0 
    1  583404    4    2 1996    1    1    0 
    2  591402    2   17 2085    1    1    0 
    3  563404    4   13 2653    1    1    0 
    4  565406    6   10 1784    1    1    0 
    5  511402    2    1 2395    1    1    0 
    6  521402    2   14 1785    1    1    0 
    7  533404    4   16 3245    1    1    0 
    8  521402    2    3 1989    1    1    0 
    9  585406    6   18 2954    1    1    0 
   10  523404    4   19 2865    1    1    0 
   11  505406    6   11 3005    1    1    0 
   12  493406    6    4 2698    3    1    0 
   13  565408    8    0  760    3    1    0 
   14  591404    4    5  884    3    1    0 
   15  583406    6    7 1004    3    1    0 
   16  541404    4   15  595    3    1    0 
   17  545408    8    9 1567    3    1    0 
   18  521404    4    8  189    3    1    0 
   19  565408    8   12 1147    3    1    0 
   20  533406    6   17 1448    3    1    0 
   21  503406    6   13 2337    3    1    0 
   22  575408    8    0 1997    3    1    0 
   23  581404    4    8 1148    3    1    0 
   24  591402    2    6  874    1    1    0 
   25  525406    6    9  369    1    1    0 
   26  533404    4    5  336    1    1    0 
   27  525406    6   15 3338    1    1    0 
   28  551402    2   10 1097    1    1    0 
   29  593404    4    1 2316    1    1    0 

Trial      Id Diff  Lvl  Obj Stim  Ans Resp  Acc     RT

    1 1575706    6    1   23    0  203  208    0   1352
    2 1583704    4    1 1996    1  203  208    0   1237
    3 2591702    2    1 2274    2  208  208    1    679
    4 2563704    4    1 1019    3  208  208    1    968
    5 1565706    6    1 1784    4  203  203    1   1044
    6 2511702    2    1 2632    5  208  208    1    784
    7 2521702    2    1  748    6  208  208    1    769
    8 2533704    4    1 1425    7  208  208    1    765
    9 2521702    2    1 1653    8  208  208    1    587
   10 1585706    6    1 2954    9  203  203    1    871
   11 2523704    4    1 3136   10  208  208    1    660
   12 1505706    6    1 3005   11  203  203    1    748
   13 1493706    6    3 2698   12  203  208    0   1045
   14 2565708    8    3 1149   13  208  208    1    893
   15 2591704    4    3 2189   14  208  208    1    696
   16 1583706    6    3 1004   15  203  203    1    846
   17 1541704    4    3  595   16  203  203    1    770
   18 1545708    8    3 1567   17  203  208    0   1100
   19 1521704    4    3  189   18  203  203    1    988
   20 1565708    8    3 1147   19  203  208    0    823
   21 2533706    6    3   88   20  208  208    1    623
   22 2503706    6    3    7   21  208  208    1    711
   23 2575708    8    3 1001   22  208  208    1    713
   24 1581704    4    3 1148   23  203  203    1   1136
   25 2591702    2    1   71   24  208  208    1    639
   26 1525706    6    1  369   25  203  203    1    755
   27 1533704    4    1  336   26  203  203    1    819
   28 2525706    6    1 1614   27  208  208    1    695
   29 2551702    2    1 2745   28  208  208    1    857
   30 1593704    4    1 2316   29  203  203    1    657

Summary table:
 Nobjs Ntrials Accuracy RespTime

     1      0      0      0      0 
     2      6    100    719      0 
     3      0      0      0      0 
     4     10     90    870      0 
     5      0      0      0      0 
     6     10     80    869      0 
     7      0      0      0      0 
     8      4     50    882      0 
     0      0      0      0      0 
     0      0      0      0      0 

Adaptlevel  final= 3  mean= 2.2  use=3

adaptlvl = 3
