   4.0     1.0  1
  15.0     1.0  1
  26.0     1.0  1
  37.0     1.0  1
  48.0     1.0  1
  59.0     1.0  1
  67.0     1.0  1
  78.0     1.0  1
  89.0     1.0  1
 100.0     1.0  1
 111.0     1.0  1
 122.0     1.0  1
 130.0     1.0  1
 141.0     1.0  1
 152.0     1.0  1
 163.0     1.0  1
 174.0     1.0  1
 185.0     1.0  1
 193.0     1.0  1
 204.0     1.0  1
 215.0     1.0  1
 226.0     1.0  1
 237.0     1.0  1
 248.0     1.0  1
 256.0     1.0  1
 267.0     1.0  1
 278.0     1.0  1
 289.0     1.0  1
 300.0     1.0  1
 311.0     1.0  1
