   5.5     6.5  1
  16.5     6.5  1
  27.5     6.5  1
  38.5     6.5  1
  49.5     6.5  1
  60.5     6.5  1
  68.5     6.5  1
  79.5     6.5  1
  90.5     6.5  1
 101.5     6.5  1
 112.5     6.5  1
 123.5     6.5  1
 131.5     6.5  1
 142.5     6.5  1
 153.5     6.5  1
 164.5     6.5  1
 175.5     6.5  1
 186.5     6.5  1
 194.5     6.5  1
 205.5     6.5  1
 216.5     6.5  1
 227.5     6.5  1
 238.5     6.5  1
 249.5     6.5  1
 257.5     6.5  1
 268.5     6.5  1
 279.5     6.5  1
 290.5     6.5  1
 301.5     6.5  1
 312.5     6.5  1
