Obj task: Site= 0009  ID= 000974039052  Visit= 1  Series= 15 Run= 64 TaskRun= 64 Subjflag= 1
Versions:  Task= 4/87  CIGAL= 4.81.91  CIGAL_VSync= 48150/124
ParamFile: ObjRun/OTRun64.ppf
StimSet: 7  ObjLists: ObjRun/ot_objtrials11_7.txt

  StimNum     OnTime       StimID StimFlag     RTimeMS RespKey   CorrectKey Accuracy

      0        0.001            0       0            0       0            0       0
      1        3.989       500300       0            0       0            0       0
      2        4.988            0       0            0       0            0       0
      3        9.989       311200       0            0       0            0       0
      4       10.988            0       0            0       0            0       0
      5       11.489       311504     128            0       0            0       0
      6       14.987            0       0            0       0            0       0
      7       16.989      1311804       1          695      49           49       1
      8       17.987            0       0            0       0            0       0
      9       19.989       345200       0            0       0            0       0
     10       20.988            0       0            0       0            0       0
     11       21.489       345508     128            0       0            0       0
     12       24.987            0       0            0       0            0       0
     13       26.989      1345808       1          655      50           49       0
     14       27.987            0       0            0       0            0       0
     15       29.989       535100       0            0       0            0       0
     16       30.988            0       0            0       0            0       0
     17       31.489       535408     128            0       0            0       0
     18       34.987            0       0            0       0            0       0
     19       36.989      1535708       1          760      50           49       0
     20       37.987            0       0            0       0            0       0
     21       45.989       483100       0            0       0            0       0
     22       46.988            0       0            0       0            0       0
     23       47.489       483406     128            0       0            0       0
     24       50.987            0       0            0       0            0       0
     25       52.989      1483706       1          744      49           49       1
     26       53.987            0       0            0       0            0       0
     27       59.989       481100       0            0       0            0       0
     28       60.988            0       0            0       0            0       0
     29       61.489       481404     128            0       0            0       0
     30       64.987            0       0            0       0            0       0
     31       66.989      1481704       1          625      49           49       1
     32       67.987            0       0            0       0            0       0
     33       69.989       313200       0            0       0            0       0
     34       70.988            0       0            0       0            0       0
     35       71.490       313506     128            0       0            0       0
     36       74.987            0       0            0       0            0       0
     37       76.989      1313806       1          729      49           49       1
     38       77.987            0       0            0       0            0       0
     39       79.989       505100       0            0       0            0       0
     40       80.988            0       0            0       0            0       0
     41       81.489       505408     128            0       0            0       0
     42       84.987            0       0            0       0            0       0
     43       86.989      2505708       1          625      50           50       1
     44       87.987            0       0            0       0            0       0
     45       89.989       285200       0            0       0            0       0
     46       90.988            0       0            0       0            0       0
     47       91.489       285508     128            0       0            0       0
     48       94.987            0       0            0       0            0       0
     49       96.989      2285808       1          690      50           50       1
     50       97.987            0       0            0       0            0       0
     51       99.989       270600       0            0       0            0       0
     52      100.988            0       0            0       0            0       0
     53      105.989       521100       0            0       0            0       0
     54      106.988            0       0            0       0            0       0
     55      107.489       521404     128            0       0            0       0
     56      110.987            0       0            0       0            0       0
     57      112.989      2521704       1          674      50           50       1
     58      113.987            0       0            0       0            0       0
     59      115.989       470300       0            0       0            0       0
     60      116.988            0       0            0       0            0       0
     61      123.989       333200       0            0       0            0       0
     62      124.988            0       0            0       0            0       0
     63      125.489       333506     128            0       0            0       0
     64      128.987            0       0            0       0            0       0
     65      130.989      1333806       1          643      50           49       0
     66      131.987            0       0            0       0            0       0
     67      135.989       553100       0            0       0            0       0
     68      136.988            0       0            0       0            0       0
     69      137.489       553406     128            0       0            0       0
     70      140.987            0       0            0       0            0       0
     71      142.989      2553706       1          683      50           50       1
     72      143.987            0       0            0       0            0       0
     73      147.989       535100       0            0       0            0       0
     74      148.988            0       0            0       0            0       0
     75      149.489       535408     128            0       0            0       0
     76      152.987            0       0            0       0            0       0
     77      154.989      2535708       1          876      50           50       1
     78      155.987            0       0            0       0            0       0
     79      157.989       223200       0            0       0            0       0
     80      158.988            0       0            0       0            0       0
     81      159.489       223506     128            0       0            0       0
     82      162.987            0       0            0       0            0       0
     83      164.989      2223806       1          668      50           50       1
     84      165.987            0       0            0       0            0       0
     85      171.989       300600       0            0       0            0       0
     86      172.988            0       0            0       0            0       0
     87      177.989       251200       0            0       0            0       0
     88      178.989            0       0            0       0            0       0
     89      179.489       251504     128            0       0            0       0
     90      182.987            0       0            0       0            0       0
     91      184.989      2251804       1          645      50           50       1
     92      185.987            0       0            0       0            0       0
     93      191.989       535100       0            0       0            0       0
     94      192.988            0       0            0       0            0       0
     95      193.489       535408     128            0       0            0       0
     96      196.987            0       0            0       0            0       0
     97      198.989      1535708       1          685      49           49       1
     98      199.987            0       0            0       0            0       0
     99      203.989       181200       0            0       0            0       0
    100      204.988            0       0            0       0            0       0
    101      205.489       181504     128            0       0            0       0
    102      208.987            0       0            0       0            0       0
    103      210.989      1181804       1          693      49           49       1
    104      211.987            0       0            0       0            0       0
    105      213.989       503100       0            0       0            0       0
    106      214.988            0       0            0       0            0       0
    107      215.489       503406     128            0       0            0       0
    108      218.987            0       0            0       0            0       0
    109      220.989      2503706       1          694      50           50       1
    110      221.987            0       0            0       0            0       0
    111      223.989       293200       0            0       0            0       0
    112      224.988            0       0            0       0            0       0
    113      225.489       293506     128            0       0            0       0
    114      228.987            0       0            0       0            0       0
    115      230.989      1293806       1          894      49           49       1
    116      231.987            0       0            0       0            0       0
    117      235.989       340600       0            0       0            0       0
    118      236.988            0       0            0       0            0       0
    119      241.989       483100       0            0       0            0       0
    120      242.988            0       0            0       0            0       0
    121      243.489       483406     128            0       0            0       0
    122      246.987            0       0            0       0            0       0
    123      248.989      2483706       1          799      50           50       1
    124      249.987            0       0            0       0            0       0
    125      251.989       295200       0            0       0            0       0
    126      252.988            0       0            0       0            0       0
    127      253.489       295508     128            0       0            0       0
    128      256.987            0       0            0       0            0       0
    129      258.989      2295808       1          879      50           50       1
    130      259.987            0       0            0       0            0       0
    131      263.989       481100       0            0       0            0       0
    132      264.988            0       0            0       0            0       0
    133      265.489       481404     128            0       0            0       0
    134      268.987            0       0            0       0            0       0
    135      270.989      1481704       1         1000      49           49       1
    136      271.987            0       0            0       0            0       0
    137      273.989       221200       0            0       0            0       0
    138      274.988            0       0            0       0            0       0
    139      275.489       221504     128            0       0            0       0
    140      278.987            0       0            0       0            0       0
    141      280.989      2221804       1          600      50           50       1
    142      281.987            0       0            0       0            0       0
    143      283.989       521100       0            0       0            0       0
    144      284.988            0       0            0       0            0       0
    145      285.489       521404     128            0       0            0       0
    146      288.987            0       0            0       0            0       0
    147      290.989      1521704       1          640      49           49       1
    148      291.987            0       0            0       0            0       0
    149      295.989       243200       0            0       0            0       0
    150      296.988            0       0            0       0            0       0
    151      297.489       243506     128            0       0            0       0
    152      300.987            0       0            0       0            0       0
    153      302.989      2243806       1          680      50           50       1
    154      303.987            0       0            0       0            0       0
    155      305.989       543100       0            0       0            0       0
    156      306.988            0       0            0       0            0       0
    157      307.489       543406     128            0       0            0       0
    158      310.987            0       0            0       0            0       0
    159      312.989      1543706       1          689      50           49       0
    160      313.987            0       0            0       0            0       0
    161      315.989       480300       0            0       0            0       0
    162      316.988            0       0            0       0            0       0
    163      321.989       525100       0            0       0            0       0
    164      322.988            0       0            0       0            0       0
    165      323.489       525408     128            0       0            0       0
    166      326.987            0       0            0       0            0       0
    167      328.989      1525708       1          673      50           49       0
    168      329.987            0       0            0       0            0       0
    169      333.989       580300       0            0       0            0       0
    170      334.988            0       0            0       0            0       0
    171      339.989       305200       0            0       0            0       0
    172      340.988            0       0            0       0            0       0
    173      341.490       305508     128            0       0            0       0
    174      344.987            0       0            0       0            0       0
    175      346.989      2305808       1         1026      49           50       0
    176      347.987            0       0            0       0            0       0
    177      353.989       301200       0            0       0            0       0
    178      354.988            0       0            0       0            0       0
    179      355.489       301504     128            0       0            0       0
    180      358.987            0       0            0       0            0       0
    181      360.989      2301804       1          642      49           50       0
    182      361.987            0       0            0       0            0       0
    183      363.989       270600       0            0       0            0       0
    184      364.988            0       0            0       0            0       0
    185      371.989       255200       0            0       0            0       0
    186      372.988            0       0            0       0            0       0
    187      373.489       255508     128            0       0            0       0
    188      376.987            0       0            0       0            0       0
    189      378.989      1255808       1          931      50           49       0
    190      379.987            0       0            0       0            0       0
    191      381.989       521100       0            0       0            0       0
    192      382.988            0       0            0       0            0       0
    193      383.489       521404     128            0       0            0       0
    194      386.987            0       0            0       0            0       0
    195      388.989      2521704       1          627      50           50       1
    196      389.987            0       0            0       0            0       0
    197      400.987            0       0            0       0            0       0

Stim       Id Diff Order Obj Lvl  

  180  311504    4   73 2685    3    1    0 
  181  345508    8   84 1840    3    1    0 
  182  535408    8  137   78    3    1    0 
  183  483406    6  179 1736    3    1    0 
  184  481404    4  180  940    3    1    0 
  185  313506    6  187  300    3    1    0 
  186  505408    8   88 2436    3    1    0 
  187  285508    8   91  484    3    1    0 
  188  521404    4  189 2634    3    1    0 
  189  333506    6  190 3298    3    1    0 
  190  553406    6  199  229    3    1    0 
  191  535408    8   93 1413    3    1    0 
  192  223506    6  146  841    3    1    0 
  193  251504    4   70   87    3    1    0 
  194  535408    8  218  359    3    1    0 
  195  181504    4  220 2109    3    1    0 
  196  503406    6  214 3138    3    1    0 
  197  293506    6   90 1662    3    1    0 
  198  483406    6   99  666    3    1    0 
  199  295508    8  107 2007    3    1    0 
  200  481404    4  223 3274    3    1    0 
  201  221504    4  114 1411    3    1    0 
  202  521404    4  192 1841    3    1    0 
  203  243506    6   94 2477    3    1    0 
  204  543406    6  222 3290    3    1    0 
  205  525408    8  136 2381    3    1    0 
  206  305508    8   34 2529    3    1    0 
  207  301504    4   92 1062    3    1    0 
  208  255508    8  111 3150    3    1    0 
  209  521404    4  152 3234    3    1    0 

Trial      Id Diff  Lvl  Obj Stim  Ans Resp  Acc     RT

    1 1311804    4    3 2685  180   49   49    1    695
    2 1345808    8    3 1840  181   49   50    0    655
    3 1535708    8    3   78  182   49   50    0    760
    4 1483706    6    3 1736  183   49   49    1    744
    5 1481704    4    3  940  184   49   49    1    625
    6 1313806    6    3  300  185   49   49    1    729
    7 2505708    8    3 2606  186   50   50    1    625
    8 2285808    8    3 2046  187   50   50    1    690
    9 2521704    4    3 1711  188   50   50    1    674
   10 1333806    6    3 3298  189   49   50    0    643
   11 2553706    6    3  363  190   50   50    1    683
   12 2535708    8    3 3074  191   50   50    1    876
   13 2223806    6    3 1480  192   50   50    1    668
   14 2251804    4    3 1883  193   50   50    1    645
   15 1535708    8    3  359  194   49   49    1    685
   16 1181804    4    3 2109  195   49   49    1    693
   17 2503706    6    3 1263  196   50   50    1    694
   18 1293806    6    3 1662  197   49   49    1    894
   19 2483706    6    3 2054  198   50   50    1    799
   20 2295808    8    3  866  199   50   50    1    879
   21 1481704    4    3 3274  200   49   49    1   1000
   22 2221804    4    3  167  201   50   50    1    600
   23 1521704    4    3 1841  202   49   49    1    640
   24 2243806    6    3 1853  203   50   50    1    680
   25 1543706    6    3 3290  204   49   50    0    689
   26 1525708    8    3 2381  205   49   50    0    673
   27 2305808    8    3 1072  206   50   49    0   1026
   28 2301804    4    3  626  207   50   49    0    642
   29 1255808    8    3 3150  208   49   50    0    931
   30 2521704    4    3 3023  209   50   50    1    627

Summary table:
 Nobjs Ntrials Accuracy RespTime

     1      0      0      0      0 
     2      0      0      0      0 
     3      0      0      0      0 
     4     10     90    684      0 
     5      0      0      0      0 
     6     10     80    722      0 
     7      0      0      0      0 
     8     10     50    780      0 
     0      0      0      0      0 
     0      0      0      0      0 

adaptlvl = 3
