-0.001  2048
0.009  2048
0.019  2048
0.029  2048
0.039  2048
0.049  2048
0.059  2048
0.069  2048
0.079  2048
0.089  2048
0.099  2048
0.109  2048
0.119  2048
0.129  2050
0.139  2048
0.149  2048
0.159  2048
0.169  2048
0.179  2048
0.189  2048
0.199  2048
0.209  2048
0.219  2050
0.229  2048
0.239  2048
0.249  2048
0.259  2048
0.269  2048
0.279  2048
0.289  2048
0.299  2048
0.309  2048
0.319  2048
0.329  2048
0.339  2048
0.349  2048
0.359  2048
0.369  2048
0.379  2048
0.389  2048
0.399  2048
0.409  2048
0.419  2048
0.429  2048
0.439  2048
0.449  2048
0.459  2048
0.469  2048
0.479  2048
0.489  2048
0.499  2048
0.509  2048
0.519  2048
0.529  2048
0.539  2048
0.549  2048
0.559  2048
0.569  2048
0.579  2048
0.589  2050
0.599  2048
0.609  2048
0.619  2048
0.629  2050
0.639  2048
0.649  2048
0.659  2048
0.669  2048
0.679  2048
0.689  2048
0.699  2048
0.709  2048
0.719  2048
0.729  2048
0.739  2048
0.749  2048
0.759  2048
0.769  2048
0.779  2048
0.789  2048
0.799  2048
0.809  2048
0.819  2048
0.829  2048
0.839  2048
0.849  2048
0.859  2048
0.869  2048
0.879  2048
0.889  2050
0.899  2048
0.909  2048
0.919  2048
0.929  2048
0.939  2048
0.949  2048
0.959  2048
0.969  2048
0.979  2048
0.989  2048
0.999  2050
1.009  2048
1.019  2048
1.029  2048
1.039  2048
1.049  2048
1.059  2048
1.069  2048
1.079  2048
1.089  2048
1.099  2048
1.109  2048
1.119  2048
1.129  2048
1.139  2048
1.149  2048
1.159  2048
1.169  2048
1.179  2048
1.189  2048
1.199  2048
1.209  2048
1.219  2048
1.229  2048
1.239  2048
1.249  2048
1.259  2048
1.269  2048
1.279  2048
1.289  2048
1.299  2048
1.309  2048
1.319  2048
1.329  2048
1.339  2048
1.349  2048
1.359  2048
1.369  2048
1.379  2048
1.389  2048
1.399  2048
1.409  2048
1.419  2048
1.429  2048
1.439  2048
1.449  2050
1.459  2048
1.469  2048
1.479  2048
1.489  2048
1.499  2048
1.509  2048
1.519  2048
1.529  2048
1.539  2048
1.549  2048
1.559  2048
1.569  2048
1.579  2048
1.589  2048
1.599  2048
1.609  2048
1.619  2048
1.629  2050
1.639  2048
1.649  2048
1.659  2050
1.669  2048
1.679  2048
1.689  2048
1.699  2048
1.709  2048
1.719  2048
1.729  2050
1.739  2048
1.749  2048
1.759  2048
1.769  2048
1.779  2050
1.789  2048
1.799  2048
1.809  2048
1.819  2048
1.829  2048
1.839  2048
1.849  2048
1.859  2048
1.869  2048
1.879  2048
1.889  2048
1.899  2048
1.909  2048
1.919  2048
1.929  2048
1.939  2048
1.949  2048
1.959  2048
1.969  2048
1.979  3091
1.989  3087
1.999  3091
2.009  3089
2.019  3089
2.029  3091
2.039  3089
2.049  3091
2.059  3089
2.069  3089
2.079  3091
2.089  3089
2.099  3091
2.109  3091
2.119  3089
2.129  3091
2.139  3089
2.149  3091
2.159  3089
2.169  3089
2.179  3091
2.189  3087
2.199  3091
2.209  3089
2.219  3089
2.229  3091
2.239  3089
2.249  3091
2.259  3089
2.269  3089
2.279  3091
2.289  3089
2.299  3091
2.309  3089
2.319  3089
2.329  3091
2.339  3089
2.349  3091
2.359  3089
2.369  3089
2.379  3091
2.389  3089
2.399  3091
2.409  3089
2.419  3091
2.429  3091
2.439  3089
2.449  3091
2.459  3089
2.469  3089
2.479  3091
2.489  3089
2.499  3091
2.509  3089
2.519  3089
2.529  3091
2.539  3089
2.549  3091
2.559  3089
2.569  3091
2.579  3091
2.589  3091
2.599  3091
2.609  3089
2.619  3091
2.629  3091
2.639  3091
2.649  3091
2.659  3089
2.669  3089
2.679  3091
2.689  3091
2.699  3091
2.709  3089
2.719  3091
2.729  3091
2.739  3089
2.749  3091
2.759  3089
2.769  3091
2.779  3091
2.789  3091
2.799  3091
2.809  3089
2.819  3091
2.829  3091
2.839  3091
2.849  3091
2.859  3089
2.869  3091
2.879  3089
2.889  3089
2.899  3091
2.909  3089
2.919  3091
2.929  3091
2.939  3089
2.949  3093
2.959  3087
2.969  3091
2.979  3091
2.989  3089
2.999  3091
3.009  3089
3.019  3091
3.029  3091
3.039  3089
3.049  3091
3.059  3087
3.069  3091
3.079  3091
3.089  3087
3.099  3091
3.109  3087
3.119  3091
3.129  3091
3.139  3089
3.149  3091
3.159  3087
3.169  3091
3.179  3089
3.189  3089
3.199  3091
3.209  3087
3.219  3091
3.229  3091
3.239  3089
3.249  3091
3.259  3087
3.269  3093
3.279  3089
3.289  3089
3.299  3091
3.309  3087
3.319  3091
3.329  3089
3.339  3089
3.349  3091
3.359  3087
3.369  3091
3.379  3089
3.389  3089
3.399  3091
3.409  3089
3.419  3091
3.429  3089
3.439  3089
3.449  3091
3.459  3089
3.469  3091
3.479  3089
3.489  3089
3.499  3091
3.509  3089
3.519  3091
3.529  3089
3.539  3091
3.549  3091
3.559  3089
3.569  3091
3.579  3089
3.589  3091
3.599  3091
3.609  3089
3.619  3091
3.629  3089
3.639  3091
3.649  3091
3.659  3089
3.669  3091
3.679  3089
3.689  3091
3.699  3091
3.709  3089
3.719  3091
3.729  3089
3.739  3091
3.749  3091
3.759  3089
3.769  3091
3.779  3089
3.789  3091
3.799  3091
3.809  3089
3.819  3091
3.829  3089
3.839  3091
3.849  3091
3.859  3089
3.869  3091
3.879  3089
3.889  3091
3.899  3091
3.909  3089
3.919  3093
3.929  3089
3.939  3091
3.949  3091
3.959  3091
3.969  3093
3.979  2048
3.989  2048
3.999  2048
4.009  2048
4.019  2050
4.029  2048
4.039  2048
4.049  2048
4.059  2048
4.069  2048
4.079  2048
4.089  2048
4.099  2048
4.109  2048
4.119  2048
4.129  2048
4.139  2048
4.149  2048
4.159  2048
4.169  2048
4.179  2048
4.189  2048
4.199  2048
4.209  2048
4.219  2048
4.229  2048
4.239  2048
4.249  2050
4.259  2048
4.269  2048
4.279  2048
4.289  2048
4.299  2048
4.309  2048
4.319  2048
4.329  2048
4.339  2050
4.349  2048
4.359  2048
4.369  2048
4.379  2048
4.389  2048
4.399  2048
4.409  2048
4.419  2048
4.429  2048
4.439  2048
4.449  2050
4.459  2048
4.469  2048
4.479  2048
4.489  2048
4.499  2048
4.509  2048
4.519  2048
4.529  2050
4.539  2048
4.549  2048
4.559  2048
4.569  2048
4.579  2048
4.589  2048
4.599  2048
4.609  2048
4.619  2048
4.629  2048
4.639  2048
4.649  2048
4.659  2050
4.669  2048
4.679  2048
4.689  2048
4.699  2050
4.709  2048
4.719  2048
4.729  2050
4.739  2048
4.749  2048
4.759  2048
4.769  2050
4.779  2048
4.789  2048
4.799  2048
4.809  2048
4.819  2048
4.829  2048
4.839  2048
4.849  2048
4.859  2048
4.869  2050
4.879  2048
4.889  2048
4.899  2048
4.909  2048
4.919  2048
4.929  2048
4.939  2048
4.949  2050
4.959  2048
4.969  2048
4.979  2048
4.989  2048
4.999  2050
5.009  2048
5.019  2050
5.029  2050
5.039  2050
5.049  2048
5.059  2048
5.069  2048
5.079  2048
5.089  2048
5.099  2048
5.109  2048
5.119  2048
5.129  2048
5.139  2048
5.149  2048
5.159  2048
5.169  2048
5.179  2048
5.189  2048
5.199  2048
5.209  2048
5.219  2050
5.229  2048
5.239  2048
5.249  2048
5.259  2048
5.269  2048
5.279  2048
5.289  2048
5.299  2050
5.309  2048
5.319  2048
5.329  2048
5.339  2048
5.349  2048
5.359  2048
5.369  2048
5.379  2050
5.389  2048
5.399  2048
5.409  2048
5.419  2050
5.429  2048
5.439  2048
5.449  2048
5.459  2048
5.469  2048
5.479  2048
5.489  2048
5.499  2048
5.509  2048
5.519  2048
5.529  2050
5.539  2048
5.549  2048
5.559  2048
5.569  2048
5.579  2048
5.589  2048
5.599  2048
5.609  2048
5.619  2048
5.629  2048
5.639  2048
5.649  2048
5.659  2048
5.669  2048
5.679  2048
5.689  2048
5.699  2048
5.709  2048
5.719  2048
5.729  2048
5.739  2048
5.749  2048
5.759  2048
5.769  2048
5.779  2048
5.789  2048
5.799  2048
5.809  2048
5.819  2048
5.829  2048
5.839  2048
5.849  2050
5.859  2048
5.869  2048
5.879  2048
5.889  2048
5.899  2048
5.909  2048
5.919  2048
5.929  2048
5.939  2048
5.949  2048
5.959  2048
5.969  2048
5.979  3089
5.989  3091
5.999  3091
6.009  3091
6.019  3091
6.029  3089
6.039  3091
6.049  3089
6.059  3091
6.069  3091
6.079  3089
6.089  3079
6.099  3091
6.109  3091
6.119  3091
6.129  3089
6.139  3091
6.149  3089
6.159  3091
6.169  3091
6.179  3089
6.189  3091
6.199  3091
6.209  3091
6.219  3091
6.229  3087
6.239  3091
6.249  3091
6.259  3091
6.269  3091
6.279  3087
6.289  3091
6.299  3091
6.309  3091
6.319  3091
6.329  3089
6.339  3091
6.349  3091
6.359  3091
6.369  3091
6.379  3089
6.389  3091
6.399  3091
6.409  3091
6.419  3091
6.429  3089
6.439  3091
6.449  3089
6.459  3089
6.469  3091
6.479  3089
6.489  3091
6.499  3091
6.509  3089
6.519  3091
6.529  3089
6.539  3091
6.549  3089
6.559  3089
6.569  3091
6.579  3089
6.589  3091
6.599  3089
6.609  3089
6.619  3091
6.629  3089
6.639  3091
6.649  3089
6.659  3089
6.669  3091
6.679  3089
6.689  3091
6.699  3089
6.709  3089
6.719  3091
6.729  3089
6.739  3091
6.749  3091
6.759  3089
6.769  3091
6.779  3087
6.789  3091
6.799  3089
6.809  3085
6.819  3085
6.829  3083
6.839  3087
6.849  3085
6.859  3083
6.869  3085
6.879  3083
6.889  3085
6.899  3085
6.909  3085
6.919  3085
6.929  3083
6.939  3087
6.949  3085
6.959  3085
6.969  3081
6.979  3083
6.989  3087
6.999  3085
7.009  3085
7.019  3091
7.029  3089
7.039  3091
7.049  3091
7.059  3089
7.069  3091
7.079  3089
7.089  3091
7.099  3091
7.109  3089
7.119  3091
7.129  3089
7.139  3091
7.149  3091
7.159  3089
7.169  3091
7.179  3089
7.189  3091
7.199  3091
7.209  3089
7.219  3091
7.229  3089
7.239  3091
7.249  3091
7.259  3089
7.269  3091
7.279  3089
7.289  3091
7.299  3089
7.309  3089
7.319  3091
7.329  3089
7.339  3093
7.349  3089
7.359  3089
7.369  3091
7.379  3089
7.389  3091
7.399  3089
7.409  3089
7.419  3091
7.429  3087
7.439  3091
7.449  3091
7.459  3089
7.469  3091
7.479  3089
7.489  3091
7.499  3089
7.509  3089
7.519  3091
7.529  3089
7.539  3091
7.549  3091
7.559  3089
7.569  3091
7.579  3089
7.589  3091
7.599  3089
7.609  3089
7.619  3093
7.629  3087
7.639  3091
7.649  3091
7.659  3089
7.669  3093
7.679  3089
7.689  3093
7.699  3091
7.709  3089
7.719  3091
7.729  3089
7.739  3091
7.749  3091
7.759  3089
7.769  3091
7.779  3089
7.789  3091
7.799  3091
7.809  3089
7.819  3091
7.829  3087
7.839  3091
7.849  3091
7.859  3089
7.869  3091
7.879  3089
7.889  3091
7.899  3091
7.909  3091
7.919  3091
7.929  3089
7.939  3091
7.949  3091
7.959  3091
7.969  3091
7.979  2048
7.989  2050
7.999  2048
8.009  2048
8.019  2048
8.029  2048
8.039  2048
8.049  2048
8.059  2048
8.069  2048
8.079  2048
8.089  2048
8.099  2048
8.109  2048
8.119  2048
8.129  2048
8.139  2048
8.149  2048
8.159  2048
8.169  2048
8.179  2048
8.189  2048
8.199  2048
8.209  2048
8.219  2048
8.229  2048
8.239  2048
8.249  2048
8.259  2048
8.269  2048
8.279  2048
8.289  2048
8.299  2048
8.309  2048
8.319  2050
8.329  2048
8.339  2048
8.349  2048
8.359  2048
8.369  2048
8.379  2048
8.389  2048
8.399  2048
8.409  2048
8.419  2048
8.429  2048
8.439  2048
8.449  2050
8.459  2048
8.469  2048
8.479  2048
8.489  2048
8.499  2048
8.509  2048
8.519  2048
8.529  2048
8.539  2048
8.549  2048
8.559  2048
8.569  2048
8.579  2048
8.589  2048
8.599  2048
8.609  2048
8.619  2048
8.629  2048
8.639  2050
8.649  2048
8.659  2048
8.669  2048
8.679  2048
8.689  2048
8.699  2048
8.709  2048
8.719  2048
8.729  2048
8.739  2048
8.749  2048
8.759  2048
8.769  2050
8.779  2048
8.789  2048
8.799  2048
8.809  2048
8.819  2048
8.829  2048
8.839  2048
8.849  2048
8.859  2048
8.869  2048
8.879  2048
8.889  2048
8.899  2048
8.909  2048
8.919  2048
8.929  2048
8.939  2048
8.949  2048
8.959  2048
8.969  2048
8.979  2048
8.989  2048
8.999  2048
9.009  2050
9.019  2048
9.029  2048
9.039  2048
9.049  2048
9.059  2048
9.069  2048
9.079  2048
9.089  2050
9.099  2048
9.109  2048
9.119  2048
9.129  2048
9.139  2048
9.149  2048
9.159  2048
9.169  2048
9.179  2048
9.189  2048
9.199  2048
9.209  2048
9.219  2048
9.229  2050
9.239  2048
9.249  2048
9.259  2048
9.269  2048
9.279  2048
9.289  2048
9.299  2048
9.309  2048
9.319  2048
9.329  2048
9.339  2048
9.349  2048
9.359  2048
9.369  2048
9.379  2048
9.389  2048
9.399  2050
9.409  2048
9.419  2048
9.429  2048
9.439  2050
9.449  2048
9.459  2048
9.469  2048
9.479  2048
9.489  2048
9.499  2048
9.509  2048
9.519  2048
9.529  2048
9.539  2048
9.549  2048
9.559  2048
9.569  2048
9.579  2048
9.589  2048
9.599  2048
9.609  2048
9.619  2048
9.629  2048
9.639  2048
9.649  2048
9.659  2048
9.669  2050
9.679  2048
9.689  2050
9.699  2048
9.709  2048
9.719  2048
9.729  2048
9.739  2048
9.749  2048
9.759  2048
9.769  2050
9.779  2048
9.789  2048
9.799  2048
9.809  2048
9.819  2048
9.829  2048
9.839  2048
9.849  2048
9.859  2048
9.869  2048
9.879  2048
9.889  2048
9.899  2048
9.909  2050
9.919  2048
9.929  2048
9.939  2048
9.949  2050
9.959  2050
9.969  2048
9.979  3089
9.989  3091
9.999  3091
10.009  3089
10.019  3091
10.029  3089
10.039  3091
10.049  3089
10.059  3089
10.069  3091
10.079  3089
10.089  3091
10.099  3089
10.109  3087
10.119  3091
10.129  3089
10.139  3091
10.149  3089
10.159  3089
10.169  3091
10.179  3089
10.189  3091
10.199  3091
10.209  3089
10.219  3091
10.229  3087
10.239  3091
10.249  3089
10.259  3089
10.269  3091
10.279  3089
10.289  3091
10.299  3091
10.309  3089
10.319  3091
10.329  3089
10.339  3091
10.349  3091
10.359  3089
10.369  3091
10.379  3087
10.389  3091
10.399  3089
10.409  3089
10.419  3091
10.429  3087
10.439  3091
10.449  3091
10.459  3089
10.469  3091
10.479  3089
10.489  3091
10.499  3089
10.509  3089
10.519  3091
10.529  3089
10.539  3091
10.549  3089
10.559  3089
10.569  3091
10.579  3089
10.589  3091
10.599  3091
10.609  3089
10.619  3091
10.629  3089
10.639  3091
10.649  3089
10.659  3089
10.669  3091
10.679  3089
10.689  3091
10.699  3089
10.709  3089
10.719  3091
10.729  3089
10.739  3091
10.749  3089
10.759  3089
10.769  3091
10.779  3089
10.789  3091
10.799  3089
10.809  3089
10.819  3091
10.829  3089
10.839  3091
10.849  3089
10.859  3091
10.869  3091
10.879  3089
10.889  3091
10.899  3089
10.909  3089
10.919  3091
10.929  3089
10.939  3091
10.949  3089
10.959  3089
10.969  3091
10.979  3089
10.989  3093
10.999  3089
11.009  3091
11.019  3091
11.029  3091
11.039  3091
11.049  3089
11.059  3091
11.069  3091
11.079  3089
11.089  3091
11.099  3089
11.109  3091
11.119  3091
11.129  3091
11.139  3091
11.149  3089
11.159  3087
11.169  3085
11.179  3085
11.189  3085
11.199  3085
11.209  3085
11.219  3085
11.229  3085
11.239  3087
11.249  3085
11.259  3083
11.269  3087
11.279  3085
11.289  3087
11.299  3089
11.309  3091
11.319  3091
11.329  3089
11.339  3091
11.349  3089
11.359  3091
11.369  3091
11.379  3089
11.389  3091
11.399  3087
11.409  3091
11.419  3091
11.429  3089
11.439  3091
11.449  3087
11.459  3091
11.469  3091
11.479  3089
11.489  3091
11.499  3087
11.509  3091
11.519  3091
11.529  3089
11.539  3091
11.549  3089
11.559  3093
11.569  3091
11.579  3089
11.589  3091
11.599  3089
11.609  3093
11.619  3091
11.629  3089
11.639  3091
11.649  3089
11.659  3091
11.669  3091
11.679  3089
11.689  3091
11.699  3089
11.709  3091
11.719  3089
11.729  3087
11.739  3091
11.749  3089
11.759  3091
11.769  3089
11.779  3089
11.789  3091
11.799  3089
11.809  3091
11.819  3089
11.829  3089
11.839  3093
11.849  3089
11.859  3091
11.869  3089
11.879  3089
11.889  3091
11.899  3089
11.909  3091
11.919  3089
11.929  3089
11.939  3091
11.949  3087
11.959  3091
11.969  3089
11.979  2048
11.989  2048
11.999  2048
12.009  2048
12.019  2048
12.029  2048
12.039  2048
12.049  2048
12.059  2048
12.069  2048
12.079  2048
12.089  2048
12.099  2048
12.109  2048
12.119  2048
12.129  2048
12.139  2048
12.149  2048
12.159  2048
12.169  2048
12.179  2048
12.189  2048
12.199  2048
12.209  2048
12.219  2048
12.229  2048
12.239  2048
12.249  2048
12.259  2048
12.269  2048
12.279  2048
12.289  2048
12.299  2048
12.309  2048
12.319  2048
12.329  2048
12.339  2048
12.349  2048
12.359  2048
12.369  2048
12.379  2048
12.389  2048
12.399  2048
12.409  2048
12.419  2048
12.429  2048
12.439  2048
12.449  2048
12.459  2048
12.469  2048
12.479  2048
12.489  2048
12.499  2048
12.509  2048
12.519  2048
12.529  2048
12.539  2048
12.549  2048
12.559  2048
12.569  2048
12.579  2048
12.589  2048
12.599  2048
12.609  2048
12.619  2048
12.629  2048
12.639  2048
12.649  2048
12.659  2048
12.669  2048
12.679  2048
12.689  2048
12.699  2048
12.709  2048
12.719  2048
12.729  2048
12.739  2048
12.749  2048
12.759  2048
12.769  2048
12.779  2048
12.789  2048
12.799  2048
12.809  2048
12.819  2048
12.829  2048
12.839  2048
12.849  2048
12.859  2048
12.869  2050
12.879  2048
12.889  2048
12.899  2048
12.909  2048
12.919  2048
12.929  2048
12.939  2048
12.949  2048
12.959  2048
12.969  2048
12.979  2048
12.989  2048
12.999  2050
13.009  2048
13.019  2048
13.029  2048
13.039  2048
13.049  2048
13.059  2048
13.069  2050
13.079  2048
13.089  2048
13.099  2048
13.109  2048
13.119  2048
13.129  2050
13.139  2048
13.149  2048
13.159  2048
13.169  2048
13.179  2048
13.189  2048
13.199  2048
13.209  2048
13.219  2050
13.229  2048
13.239  2048
13.249  2048
13.259  2048
13.269  2048
13.279  2048
13.289  2048
13.299  2048
13.309  2048
13.319  2048
13.329  2048
13.339  2048
13.349  2048
13.359  2048
13.369  2048
13.379  2048
13.389  2048
13.399  2050
13.409  2048
13.419  2050
13.429  2048
13.439  2048
13.449  2048
13.459  2050
13.469  2048
13.479  2048
13.489  2048
13.499  2048
13.509  2048
13.519  2048
13.529  2048
13.539  2048
13.549  2048
13.559  2048
13.569  2048
13.579  2048
13.589  2048
13.599  2048
13.609  2048
13.619  2048
13.629  2048
13.639  2048
13.649  2048
13.659  2048
13.669  2048
13.679  2048
13.689  2048
13.699  2048
13.709  2048
13.719  2048
13.729  2048
13.739  2048
13.749  2048
13.759  2048
13.769  2048
13.779  2048
13.789  2048
13.799  2048
13.809  2048
13.819  2050
13.829  2048
13.839  2050
13.849  2048
13.859  2048
13.869  2048
13.879  2048
13.889  2048
13.899  2048
13.909  2050
13.919  2048
13.929  2048
13.939  2048
13.949  2048
13.959  2048
13.969  2048
13.979  3091
13.989  3091
13.999  3089
14.009  3091
14.019  3089
14.029  3091
14.039  3091
14.049  3087
14.059  3091
14.069  3089
14.079  3089
14.089  3091
14.099  3089
14.109  3091
14.119  3089
14.129  3089
14.139  3091
14.149  3087
14.159  3091
14.169  3091
14.179  3091
14.189  3091
14.199  3089
14.209  3091
14.219  3089
14.229  3089
14.239  3091
14.249  3089
14.259  3091
14.269  3089
14.279  3089
14.289  3091
14.299  3087
14.309  3089
14.319  3085
14.329  3085
14.339  3085
14.349  3083
14.359  3085
14.369  3085
14.379  3085
14.389  3087
14.399  3081
14.409  3085
14.419  3085
14.429  3085
14.439  3087
14.449  3087
14.459  3091
14.469  3089
14.479  3091
14.489  3091
14.499  3089
14.509  3091
14.519  3089
14.529  3089
14.539  3091
14.549  3089
14.559  3091
14.569  3089
14.579  3089
14.589  3091
14.599  3087
14.609  3091
14.619  3089
14.629  3089
14.639  3091
14.649  3087
14.659  3091
14.669  3089
14.679  3089
14.689  3091
14.699  3089
14.709  3091
14.719  3091
14.729  3089
14.739  3093
14.749  3087
14.759  3093
14.769  3089
14.779  3089
14.789  3091
14.799  3087
14.809  3091
14.819  3089
14.829  3089
14.839  3091
14.849  3087
14.859  3091
14.869  3089
14.879  3089
14.889  3091
14.899  3089
14.909  3091
14.919  3091
14.929  3089
14.939  3091
14.949  3089
14.959  3091
14.969  3091
14.979  3089
14.989  3091
14.999  3089
15.009  3091
15.019  3091
15.029  3089
15.039  3093
15.049  3089
15.059  3091
15.069  3089
15.079  3089
15.089  3091
15.099  3087
15.109  3091
15.119  3091
15.129  3089
15.139  3091
15.149  3087
15.159  3091
15.169  3089
15.179  3089
15.189  3091
15.199  3087
15.209  3091
15.219  3091
15.229  3089
15.239  3091
15.249  3089
15.259  3091
15.269  3091
15.279  3089
15.289  3091
15.299  3087
15.309  3091
15.319  3091
15.329  3089
15.339  3091
15.349  3089
15.359  3091
15.369  3091
15.379  3089
15.389  3091
15.399  3087
15.409  3091
15.419  3091
15.429  3089
15.439  3091
15.449  3087
15.459  3087
15.469  3085
15.479  3085
15.489  3085
15.499  3083
15.509  3087
15.519  3087
15.529  3085
15.539  3081
15.549  3083
15.559  3087
15.569  3085
15.579  3087
15.589  3091
15.599  3087
15.609  3091
15.619  3089
15.629  3089
15.639  3091
15.649  3089
15.659  3091
15.669  3091
15.679  3089
15.689  3091
15.699  3089
15.709  3073
15.719  3089
15.729  3089
15.739  3091
15.749  3089
15.759  3093
15.769  3091
15.779  3089
15.789  3091
15.799  3089
15.809  3091
15.819  3091
15.829  3089
15.839  3091
15.849  3087
15.859  3091
15.869  3089
15.879  3089
15.889  3091
15.899  3087
15.909  3091
15.919  3091
15.929  3089
15.939  3091
15.949  3089
15.959  3091
15.969  3091
15.979  2048
15.989  2048
15.999  2050
16.009  2048
16.019  2048
16.029  2048
16.039  2048
16.049  2050
16.059  2048
16.069  2048
16.079  2048
16.089  2050
16.099  2048
16.109  2048
16.119  2048
16.129  2048
16.139  2048
16.149  2048
16.159  2048
16.169  2048
16.179  2048
16.189  2048
16.199  2048
16.209  2048
16.219  2048
16.229  2048
16.239  2048
16.249  2048
16.259  2048
16.269  2048
16.279  2048
16.289  2048
16.299  2048
16.309  2048
16.319  2048
16.329  2048
16.339  2048
16.349  2048
16.359  2048
16.369  2048
16.379  2048
16.389  2048
16.399  2048
16.409  2048
16.419  2048
16.429  2048
16.439  2048
16.449  2050
16.459  2048
16.469  2048
16.479  2048
16.489  2048
16.499  2048
16.509  2050
16.519  2048
16.529  2048
16.539  2048
16.549  2048
16.559  2048
16.569  2048
16.579  2048
16.589  2048
16.599  2048
16.609  2048
16.619  2048
16.629  2050
16.639  2048
16.649  2050
16.659  2048
16.669  2048
16.679  2048
16.689  2048
16.699  2048
16.709  2048
16.719  2048
16.729  2048
16.739  2048
16.749  2048
16.759  2048
16.769  2048
16.779  2048
16.789  2048
16.799  2048
16.809  2048
16.819  2048
16.829  2048
16.839  2048
16.849  2048
16.859  2048
16.869  2048
16.879  2048
16.889  2048
16.899  2048
16.909  2048
16.919  2048
16.929  2048
16.939  2048
16.949  2048
16.959  2050
16.969  2048
16.979  2048
16.989  2048
16.999  2048
17.009  2048
17.019  2048
17.029  2048
17.039  2048
17.049  2048
17.059  2048
17.069  2050
17.079  2048
17.089  2050
17.099  2048
17.109  2048
17.119  2048
17.129  2048
17.139  2048
17.149  2048
17.159  2048
17.169  2050
17.179  2048
17.189  2048
17.199  2048
17.209  2048
17.219  2048
17.229  2048
17.239  2048
17.249  2048
17.259  2048
17.269  2048
17.279  2048
17.289  2048
17.299  2048
17.309  2048
17.319  2048
17.329  2048
17.339  2048
17.349  2048
17.359  2048
17.369  2048
17.379  2048
17.389  2050
17.399  2050
17.409  2048
17.419  2048
17.429  2048
17.439  2048
17.449  2048
17.459  2048
17.469  2048
17.479  2050
17.489  2048
17.499  2048
17.509  2048
17.519  2048
17.529  2048
17.539  2048
17.549  2050
17.559  2048
17.569  2050
17.579  2048
17.589  2048
17.599  2048
17.609  2048
17.619  2050
17.629  2048
17.639  2048
17.649  2050
17.659  2050
17.669  2048
17.679  2048
17.689  2048
17.699  2048
17.709  2048
17.719  2048
17.729  2050
17.739  2048
17.749  2048
17.759  2048
17.769  2048
17.779  2048
17.789  2048
17.799  2048
17.809  2048
17.819  2048
17.829  2048
17.839  2048
17.849  2048
17.859  2048
17.869  2048
17.879  2050
17.889  2050
17.899  2048
17.909  2048
17.919  2048
17.929  2048
17.939  2048
17.949  2048
17.959  2050
17.969  2050
17.979  3089
17.989  3091
17.999  3089
18.009  3091
18.019  3089
18.029  3091
18.039  3091
18.049  3087
18.059  3091
18.069  3089
18.079  3091
18.089  3091
18.099  3089
18.109  3091
18.119  3089
18.129  3089
18.139  3091
18.149  3087
18.159  3091
18.169  3089
18.179  3089
18.189  3091
18.199  3087
18.209  3093
18.219  3089
18.229  3089
18.239  3091
18.249  3087
18.259  3091
18.269  3089
18.279  3089
18.289  3091
18.299  3087
18.309  3091
18.319  3089
18.329  3089
18.339  3091
18.349  3087
18.359  3091
18.369  3091
18.379  3087
18.389  3091
18.399  3087
18.409  3091
18.419  3089
18.429  3087
18.439  3091
18.449  3087
18.459  3091
18.469  3091
18.479  3089
18.489  3091
18.499  3089
18.509  3091
18.519  3089
18.529  3089
18.539  3091
18.549  3089
18.559  3091
18.569  3091
18.579  3087
18.589  3091
18.599  3089
18.609  3091
18.619  3091
18.629  3089
18.639  3091
18.649  3089
18.659  3091
18.669  3091
18.679  3091
18.689  3093
18.699  3089
18.709  3091
18.719  3091
18.729  3091
18.739  3091
18.749  3087
18.759  3091
18.769  3091
18.779  3091
18.789  3091
18.799  3089
18.809  3091
18.819  3091
18.829  3091
18.839  3091
18.849  3087
18.859  3091
18.869  3091
18.879  3091
18.889  3091
18.899  3089
18.909  3091
18.919  3091
18.929  3089
18.939  3091
18.949  3089
18.959  3089
18.969  3091
18.979  3089
18.989  3091
18.999  3091
19.009  3089
19.019  3091
19.029  3089
19.039  3091
19.049  3089
19.059  3089
19.069  3091
19.079  3087
19.089  3091
19.099  3089
19.109  3089
19.119  3091
19.129  3087
19.139  3091
19.149  3089
19.159  3089
19.169  3091
19.179  3089
19.189  3091
19.199  3091
19.209  3089
19.219  3091
19.229  3089
19.239  3091
19.249  3089
19.259  3091
19.269  3091
19.279  3089
19.289  3091
19.299  3091
19.309  3091
19.319  3091
19.329  3089
19.339  3091
19.349  3091
19.359  3089
19.369  3091
19.379  3089
19.389  3091
19.399  3091
19.409  3091
19.419  3091
19.429  3089
19.439  3091
19.449  3091
19.459  3089
19.469  3091
19.479  3089
19.489  3091
19.499  3089
19.509  3089
19.519  3093
19.529  3089
19.539  3089
19.549  3091
19.559  3069
19.569  3091
19.579  3089
19.589  3089
19.599  3091
19.609  3087
19.619  3091
19.629  3089
19.639  3089
19.649  3091
19.659  3089
19.669  3091
19.679  3089
19.689  3089
19.699  3091
19.709  3087
19.719  3091
19.729  3089
19.739  3089
19.749  3091
19.759  3089
19.769  3091
19.779  3089
19.789  3087
19.799  3091
19.809  3087
19.819  3091
19.829  3091
19.839  3089
19.849  3091
19.859  3089
19.869  3091
19.879  3091
19.889  3089
19.899  3091
19.909  3089
19.919  3091
19.929  3091
19.939  3089
19.949  3091
19.959  3089
19.969  3091
19.979  2048
19.989  2048
19.999  2050
20.009  2050
20.019  2048
20.029  2048
20.039  2048
20.049  2048
20.059  2048
20.069  2048
20.079  2048
20.089  2048
20.099  2048
20.109  2048
20.119  2048
20.129  2048
20.139  2048
20.149  2048
20.159  2050
20.169  2048
20.179  2050
20.189  2048
20.199  2048
20.209  2048
20.219  2048
20.229  2048
20.239  2048
20.249  2048
20.259  2048
20.269  2048
20.279  2050
20.289  2048
20.299  2048
20.309  2048
20.319  2048
20.329  2048
20.339  2048
20.349  2048
20.359  2048
20.369  2048
20.379  2048
20.389  2048
20.399  2048
20.409  2048
20.419  2048
20.429  2048
20.439  2048
20.449  2048
20.459  2048
20.469  2048
20.479  2048
20.489  2048
20.499  2048
20.509  2048
20.519  2048
20.529  2048
20.539  2048
20.549  2048
20.559  2048
20.569  2050
20.579  2048
20.589  2048
20.599  2048
20.609  2048
20.619  2048
20.629  2048
20.639  2048
20.649  2048
20.659  2048
20.669  2048
20.679  2048
20.689  2050
20.699  2048
20.709  2050
20.719  2048
20.729  2050
20.739  2050
20.749  2048
20.759  2048
20.769  2048
20.779  2050
20.789  2048
20.799  2050
20.809  2048
20.819  2048
20.829  2048
20.839  2048
20.849  2048
20.859  2050
20.869  2048
20.879  2048
20.889  2048
20.899  2048
20.909  2048
20.919  2048
20.929  2050
20.939  2048
20.949  2048
20.959  2048
20.969  2048
20.979  2048
20.989  2048
20.999  2048
21.009  2048
21.019  2048
21.029  2048
21.039  2048
21.049  2048
21.059  2050
21.069  2048
21.079  2048
21.089  2048
21.099  2048
21.109  2050
21.119  2048
21.129  2048
21.139  2048
21.149  2048
21.159  2048
21.169  2050
21.179  2048
21.189  2048
21.199  2048
21.209  2048
21.219  2048
21.229  2048
21.239  2048
21.249  2048
21.259  2050
21.269  2048
21.279  2048
21.289  2048
21.299  2050
21.309  2048
21.319  2048
21.329  2048
21.339  2048
21.349  2048
21.359  2048
21.369  2048
21.379  2048
21.389  2048
21.399  2048
21.409  2050
21.419  2050
21.429  2048
21.439  2048
21.449  2048
21.459  2048
21.469  2048
21.479  2048
21.489  2048
21.499  2048
21.509  2048
21.519  2048
21.529  2048
21.539  2048
21.549  2048
21.559  2048
21.569  2048
21.579  2050
21.589  2048
21.599  2048
21.609  2048
21.619  2048
21.629  2048
21.639  2048
21.649  2048
21.659  2048
21.669  2048
21.679  2048
21.689  2048
21.699  2048
21.709  2048
21.719  2048
21.729  2048
21.739  2048
21.749  2048
21.759  2048
21.769  2048
21.779  2048
21.789  2048
21.799  2048
21.809  2048
21.819  2048
21.829  2048
21.839  2048
21.849  2048
21.859  2048
21.869  2048
21.879  2048
21.889  2048
21.899  2048
21.909  2048
21.919  2048
21.929  2048
21.939  2048
21.949  2048
21.959  2048
21.969  2048
21.979  3091
21.989  3091
21.999  3089
22.009  3091
22.019  3089
22.029  3091
22.039  3091
22.049  3089
22.059  3091
22.069  3089
22.079  3091
22.089  3091
22.099  3089
22.109  3093
22.119  3089
22.129  3091
22.139  3091
22.149  3089
22.159  3091
22.169  3089
22.179  3091
22.189  3091
22.199  3091
22.209  3091
22.219  3089
22.229  3081
22.239  3089
22.249  3091
22.259  3091
22.269  3089
22.279  3091
22.289  3091
22.299  3091
22.309  3093
22.319  3089
22.329  3089
22.339  3091
22.349  3091
22.359  3093
22.369  3089
22.379  3091
22.389  3091
22.399  3091
22.409  3093
22.419  3089
22.429  3089
22.439  3091
22.449  3091
22.459  3091
22.469  3089
22.479  3091
22.489  3091
22.499  3091
22.509  3091
22.519  3089
22.529  3091
22.539  3091
22.549  3091
22.559  3091
22.569  3089
22.579  3091
22.589  3091
22.599  3091
22.609  3091
22.619  3089
22.629  3091
22.639  3091
22.649  3089
22.659  3091
22.669  3089
22.679  3089
22.689  3091
22.699  3089
22.709  3091
22.719  3089
22.729  3089
22.739  3091
22.749  3089
22.759  3091
22.769  3089
22.779  3091
22.789  3091
22.799  3089
22.809  3091
22.819  3089
22.829  3089
22.839  3091
22.849  3089
22.859  3091
22.869  3091
22.879  3089
22.889  3091
22.899  3089
22.909  3091
22.919  3089
22.929  3089
22.939  3091
22.949  3089
22.959  3091
22.969  3089
22.979  3089
22.989  3091
22.999  3089
23.009  3091
23.019  3089
23.029  3089
23.039  3091
23.049  3089
23.059  3091
23.069  3089
23.079  3089
23.089  3091
23.099  3089
23.109  3091
23.119  3091
23.129  3089
23.139  3091
23.149  3089
23.159  3091
23.169  3089
23.179  3089
23.189  3091
23.199  3089
23.209  3091
23.219  3091
23.229  3089
23.239  3091
23.249  3089
23.259  3091
23.269  3089
23.279  3089
23.289  3091
23.299  3087
23.309  3091
23.319  3091
23.329  3089
23.339  3091
23.349  3089
23.359  3091
23.369  3091
23.379  3089
23.389  3091
23.399  3087
23.409  3091
23.419  3091
23.429  3091
23.439  3091
23.449  3089
23.459  3091
23.469  3091
23.479  3091
23.489  3091
23.499  3089
23.509  3091
23.519  3091
23.529  3091
23.539  3091
23.549  3089
23.559  3091
23.569  3091
23.579  3091
23.589  3091
23.599  3089
23.609  3091
23.619  3091
23.629  3089
23.639  3091
23.649  3089
23.659  3091
23.669  3091
23.679  3089
23.689  3091
23.699  3089
23.709  3089
23.719  3091
23.729  3089
23.739  3091
23.749  3089
23.759  3091
23.769  3091
23.779  3089
23.789  3091
23.799  3089
23.809  3091
23.819  3091
23.829  3089
23.839  3091
23.849  3089
23.859  3091
23.869  3091
23.879  3089
23.889  3091
23.899  3089
23.909  3091
23.919  3091
23.929  3089
23.939  3091
23.949  3089
23.959  3089
23.969  3091
23.979  2048
23.989  2048
23.999  2048
24.009  2048
24.019  2048
24.029  2048
24.039  2048
24.049  2048
24.059  2048
24.069  2048
24.079  2048
24.089  2048
24.099  2048
24.109  2048
24.119  2050
24.129  2048
24.139  2050
24.149  2048
24.159  2048
24.169  2048
24.179  2048
24.189  2048
24.199  2048
24.209  2048
24.219  2048
24.229  2048
24.239  2048
24.249  2048
24.259  2048
24.269  2048
24.279  2048
24.289  2048
24.299  2048
24.309  2048
24.319  2048
24.329  2048
24.339  2048
24.349  2048
24.359  2048
24.369  2048
24.379  2048
24.389  2048
24.399  2050
24.409  2048
24.419  2048
24.429  2048
24.439  2048
24.449  2048
24.459  2048
24.469  2048
24.479  2048
24.489  2048
24.499  2048
24.509  2048
24.519  2048
24.529  2048
24.539  2048
24.549  2048
24.559  2048
24.569  2048
24.579  2048
24.589  2048
24.599  2048
24.609  2048
24.619  2048
24.629  2048
24.639  2048
24.649  2048
24.659  2048
24.669  2048
24.679  2048
24.689  2048
24.699  2048
24.709  2048
24.719  2050
24.729  2048
24.739  2048
24.749  2048
24.759  2048
24.769  2048
24.779  2048
24.789  2050
24.799  2048
24.809  2048
24.819  2048
24.829  2048
24.839  2048
24.849  2048
24.859  2050
24.869  2048
24.879  2048
24.889  2048
24.899  2048
24.909  2050
24.919  2048
24.929  2048
24.939  2048
24.949  2048
24.959  2050
24.969  2048
24.979  2048
24.989  2048
24.999  2048
25.009  2048
25.019  2048
25.029  2048
25.039  2048
25.049  2048
25.059  2048
25.069  2048
25.079  2048
25.089  2048
25.099  2050
25.109  2048
25.119  2048
25.129  2048
25.139  2048
25.149  2050
25.159  2048
25.169  2048
25.179  2048
25.189  2048
25.199  2048
25.209  2048
25.219  2050
25.229  2048
25.239  2048
25.249  2048
25.259  2048
25.269  2048
25.279  2048
25.289  2048
25.299  2048
25.309  2048
25.319  2048
25.329  2048
25.339  2048
25.349  2048
25.359  2048
25.369  2048
25.379  2048
25.389  2048
25.399  2050
25.409  2048
25.419  2048
25.429  2048
25.439  2050
25.449  2048
25.459  2048
25.469  2048
25.479  2048
25.489  2048
25.499  2048
25.509  2048
25.519  2048
25.529  2048
25.539  2048
25.549  2048
25.559  2050
25.569  2048
25.579  2048
25.589  2048
25.599  2048
25.609  2048
25.619  2048
25.629  2048
25.639  2048
25.649  2050
25.659  2048
25.669  2048
25.679  2048
25.689  2048
25.699  2048
25.709  2048
25.719  2048
25.729  2048
25.739  2048
25.749  2048
25.759  2048
25.769  2048
25.779  2048
25.789  2048
25.799  2048
25.809  2048
25.819  2048
25.829  2048
25.839  2048
25.849  2048
25.859  2048
25.869  2048
25.879  2048
25.889  2048
25.899  2048
25.909  2048
25.919  2048
25.929  2048
25.939  2048
25.949  2048
25.959  2050
25.969  2048
25.979  3091
25.989  3089
25.999  3091
26.009  3089
26.019  3091
26.029  3091
26.039  3089
26.049  3091
26.059  3089
26.069  3091
26.079  3091
26.089  3089
26.099  3091
26.109  3089
26.119  3091
26.129  3091
26.139  3089
26.149  3091
26.159  3089
26.169  3091
26.179  3091
26.189  3089
26.199  3091
26.209  3089
26.219  3091
26.229  3091
26.239  3089
26.249  3093
26.259  3089
26.269  3091
26.279  3091
26.289  3089
26.299  3091
26.309  3089
26.319  3091
26.329  3091
26.339  3089
26.349  3091
26.359  3089
26.369  3089
26.379  3091
26.389  3089
26.399  3091
26.409  3089
26.419  3089
26.429  3091
26.439  3089
26.449  3091
26.459  3089
26.469  3089
26.479  3091
26.489  3089
26.499  3091
26.509  3091
26.519  3089
26.529  3091
26.539  3089
26.549  3093
26.559  3089
26.569  3089
26.579  3093
26.589  3089
26.599  3091
26.609  3089
26.619  3089
26.629  3091
26.639  3087
26.649  3093
26.659  3089
26.669  3089
26.679  3091
26.689  3087
26.699  3091
26.709  3089
26.719  3089
26.729  3091
26.739  3089
26.749  3091
26.759  3089
26.769  3089
26.779  3091
26.789  3089
26.799  3091
26.809  3089
26.819  3089
26.829  3091
26.839  3087
26.849  3091
26.859  3089
26.869  3089
26.879  3091
26.889  3087
26.899  3091
26.909  3089
26.919  3089
26.929  3091
26.939  3087
26.949  3091
26.959  3091
26.969  3089
26.979  3091
26.989  3087
26.999  3091
27.009  3091
27.019  3089
27.029  3091
27.039  3089
27.049  3093
27.059  3089
27.069  3089
27.079  3091
27.089  3087
27.099  3091
27.109  3091
27.119  3089
27.129  3091
27.139  3087
27.149  3091
27.159  3091
27.169  3087
27.179  3091
27.189  3087
27.199  3091
27.209  3091
27.219  3087
27.229  3091
27.239  3089
27.249  3091
27.259  3091
27.269  3087
27.279  3091
27.289  3089
27.299  3091
27.309  3091
27.319  3089
27.329  3091
27.339  3087
27.349  3091
27.359  3091
27.369  3089
27.379  3091
27.389  3087
27.399  3091
27.409  3089
27.419  3087
27.429  3091
27.439  3087
27.449  3091
27.459  3091
27.469  3089
27.479  3091
27.489  3087
27.499  3091
27.509  3091
27.519  3087
27.529  3091
27.539  3089
27.549  3091
27.559  3091
27.569  3089
27.579  3091
27.589  3087
27.599  3091
27.609  3091
27.619  3089
27.629  3091
27.639  3089
27.649  3091
27.659  3091
27.669  3089
27.679  3091
27.689  3089
27.699  3091
27.709  3091
27.719  3091
27.729  3091
27.739  3089
27.749  3091
27.759  3091
27.769  3089
27.779  3091
27.789  3089
27.799  3091
27.809  3091
27.819  3091
27.829  3091
27.839  3089
27.849  3091
27.859  3091
27.869  3091
27.879  3093
27.889  3089
27.899  3091
27.909  3091
27.919  3089
27.929  3091
27.939  3089
27.949  3091
27.959  3091
27.969  3089
27.979  2048
27.989  2048
27.999  2048
28.009  2050
28.019  2048
28.029  2048
28.039  2048
28.049  2048
28.059  2048
28.069  2048
28.079  2048
28.089  2048
28.099  2048
28.109  2048
28.119  2048
28.129  2048
28.139  2048
28.149  2048
28.159  2048
28.169  2050
28.179  2048
28.189  2050
28.199  2048
28.209  2048
28.219  2048
28.229  2048
28.239  2048
28.249  2048
28.259  2048
28.269  2048
28.279  2048
28.289  2048
28.299  2048
28.309  2048
28.319  2048
28.329  2048
28.339  2048
28.349  2048
28.359  2048
28.369  2048
28.379  2048
28.389  2048
28.399  2050
28.409  2048
28.419  2048
28.429  2048
28.439  2048
28.449  2048
28.459  2048
28.469  2048
28.479  2048
28.489  2048
28.499  2048
28.509  2048
28.519  2048
28.529  2050
28.539  2048
28.549  2048
28.559  2048
28.569  2048
28.579  2048
28.589  2050
28.599  2048
28.609  2048
28.619  2048
28.629  2048
28.639  2048
28.649  2050
28.659  2048
28.669  2048
28.679  2048
28.689  2048
28.699  2048
28.709  2048
28.719  2048
28.729  2048
28.739  2048
28.749  2048
28.759  2048
28.769  2048
28.779  2048
28.789  2048
28.799  2048
28.809  2048
28.819  2048
28.829  2050
28.839  2048
28.849  2048
28.859  2048
28.869  2048
28.879  2048
28.889  2048
28.899  2048
28.909  2048
28.919  2048
28.929  2048
28.939  2050
28.949  2048
28.959  2048
28.969  2048
28.979  2048
28.989  2048
28.999  2048
29.009  2048
29.019  2048
29.029  2048
29.039  2048
29.049  2048
29.059  2048
29.069  2048
29.079  2048
29.089  2048
29.099  2048
29.109  2050
29.119  2048
29.129  2048
29.139  2048
29.149  2048
29.159  2048
29.169  2048
29.179  2048
29.189  2050
29.199  2048
29.209  2048
29.219  2048
29.229  2050
29.239  2048
29.249  2048
29.259  2048
29.269  2048
29.279  2048
29.289  2048
29.299  2048
29.309  2048
29.319  2048
29.329  2048
29.339  2048
29.349  2048
29.359  2048
29.369  2050
29.379  2048
29.389  2048
29.399  2048
29.409  2048
29.419  2048
29.429  2048
29.439  2048
29.449  2048
29.459  2048
29.469  2048
29.479  2048
29.489  2048
29.499  2048
29.509  2048
29.519  2048
29.529  2048
29.539  2048
29.549  2048
29.559  2048
29.569  2048
29.579  2048
29.589  2048
29.599  2048
29.609  2048
29.619  2048
29.629  2048
29.639  2048
29.649  2048
29.659  2048
29.669  2048
29.679  2048
29.689  2048
29.699  2048
29.709  2048
29.719  2048
29.729  2048
29.739  2048
29.749  2048
29.759  2048
29.769  2048
29.779  2050
29.789  2048
29.799  2048
29.809  2048
29.819  2048
29.829  2048
29.839  2048
29.849  2048
29.859  2048
29.869  2050
29.879  2050
29.889  2048
29.899  2048
29.909  2048
29.919  2048
29.929  2050
29.939  2048
29.949  2048
29.959  2048
29.969  2048
29.979  3093
29.989  3091
29.999  3091
30.009  3091
30.019  3089
30.029  3093
30.039  3091
30.049  3089
30.059  3091
30.069  3089
30.079  3091
30.089  3091
30.099  3089
30.109  3093
30.119  3089
30.129  3093
30.139  3091
30.149  3091
30.159  3093
30.169  3089
30.179  3091
30.189  3091
30.199  3091
30.209  3093
30.219  3089
30.229  3093
30.239  3091
30.249  3091
30.259  3093
30.269  3089
30.279  3091
30.289  3091
30.299  3091
30.309  3093
30.319  3089
30.329  3091
30.339  3091
30.349  3091
30.359  3093
30.369  3089
30.379  3091
30.389  3091
30.399  3091
30.409  3093
30.419  3089
30.429  3091
30.439  3091
30.449  3093
30.459  3091
30.469  3089
30.479  3093
30.489  3093
30.499  3091
30.509  3093
30.519  3089
30.529  3093
30.539  3091
30.549  3093
30.559  3091
30.569  3089
30.579  3091
30.589  3091
30.599  3091
30.609  3091
30.619  3089
30.629  3091
30.639  3091
30.649  3091
30.659  3091
30.669  3091
30.679  3093
30.689  3091
30.699  3091
30.709  3091
30.719  3089
30.729  3093
30.739  3091
30.749  3091
30.759  3093
30.769  3089
30.779  3093
30.789  3093
30.799  3091
30.809  3091
30.819  3089
30.829  3091
30.839  3091
30.849  3089
30.859  3093
30.869  3089
30.879  3091
30.889  3091
30.899  3091
30.909  3091
30.919  3091
30.929  3091
30.939  3091
30.949  3091
30.959  3091
30.969  3091
30.979  3091
30.989  3091
30.999  3091
31.009  3093
31.019  3089
31.029  3091
31.039  3091
31.049  3091
31.059  3093
31.069  3089
31.079  3091
31.089  3091
31.099  3091
31.109  3093
31.119  3089
31.129  3091
31.139  3091
31.149  3091
31.159  3091
31.169  3089
31.179  3091
31.189  3093
31.199  3091
31.209  3093
31.219  3089
31.229  3091
31.239  3093
31.249  3091
31.259  3091
31.269  3089
31.279  3091
31.289  3093
31.299  3091
31.309  3091
31.319  3089
31.329  3091
31.339  3091
31.349  3091
31.359  3091
31.369  3089
31.379  3091
31.389  3091
31.399  3091
31.409  3093
31.419  3089
31.429  3093
31.439  3091
31.449  3091
31.459  3093
31.469  3091
31.479  3091
31.489  3091
31.499  3091
31.509  3093
31.519  3089
31.529  3093
31.539  3091
31.549  3091
31.559  3093
31.569  3089
31.579  3091
31.589  3091
31.599  3091
31.609  3093
31.619  3089
31.629  3091
31.639  3091
31.649  3091
31.659  3091
31.669  3089
31.679  3091
31.689  3091
31.699  3091
31.709  3093
31.719  3089
31.729  3091
31.739  3093
31.749  3091
31.759  3093
31.769  3089
31.779  3091
31.789  3091
31.799  3091
31.809  3093
31.819  3089
31.829  3091
31.839  3091
31.849  3091
31.859  3093
31.869  3089
31.879  3091
31.889  3091
31.899  3091
31.909  3093
31.919  3089
31.929  3091
31.939  3091
31.949  3091
31.959  3091
31.969  3089
31.979  2048
31.989  2048
31.999  2048
32.009  2050
32.019  2048
32.029  2048
32.039  2048
32.049  2048
32.059  2048
32.069  2048
32.079  2050
32.089  2048
32.099  2048
32.109  2048
32.119  2050
32.129  2048
32.139  2048
32.149  2048
32.159  2050
32.169  2048
32.179  2048
32.189  2048
32.199  2048
32.209  2048
32.219  2048
32.229  2048
32.239  2048
32.249  2048
32.259  2048
32.269  2048
32.279  2048
32.289  2050
32.299  2048
32.309  2050
32.319  2048
32.329  2048
32.339  2048
32.349  2048
32.359  2048
32.369  2048
32.379  2048
32.389  2048
32.399  2048
32.409  2048
32.419  2048
32.429  2048
32.439  2048
32.449  2048
32.459  2048
32.469  2048
32.479  2048
32.489  2048
32.499  2048
32.509  2048
32.519  2048
32.529  2048
32.539  2048
32.549  2048
32.559  2048
32.569  2048
32.579  2048
32.589  2048
32.599  2048
32.609  2048
32.619  2048
32.629  2048
32.639  2048
32.649  2048
32.659  2048
32.669  2050
32.679  2048
32.689  2048
32.699  2048
32.709  2048
32.719  2048
32.729  2048
32.739  2048
32.749  2048
32.759  2048
32.769  2048
32.779  2048
32.789  2048
32.799  2048
32.809  2048
32.819  2048
32.829  2048
32.839  2048
32.849  2048
32.859  2050
32.869  2048
32.879  2048
32.889  2048
32.899  2048
32.909  2048
32.919  2050
32.929  2048
32.939  2048
32.949  2050
32.959  2048
32.969  2048
32.979  2048
32.989  2048
32.999  2048
33.009  2048
33.019  2048
33.029  2048
33.039  2048
33.049  2048
33.059  2048
33.069  2048
33.079  2048
33.089  2048
33.099  2048
33.109  2048
33.119  2048
33.129  2048
33.139  2048
33.149  2048
33.159  2048
33.169  2050
33.179  2048
33.189  2048
33.199  2048
33.209  2048
33.219  2048
33.229  2048
33.239  2048
33.249  2048
33.259  2048
33.269  2050
33.279  2048
33.289  2048
33.299  2048
33.309  2048
33.319  2048
33.329  2048
33.339  2048
33.349  2050
33.359  2048
33.369  2048
33.379  2048
33.389  2048
33.399  2048
33.409  2048
33.419  2048
33.429  2048
33.439  2048
33.449  2048
33.459  2048
33.469  2048
33.479  2048
33.489  2048
33.499  2048
33.509  2048
33.519  2048
33.529  2048
33.539  2048
33.549  2048
33.559  2048
33.569  2048
33.579  2048
33.589  2048
33.599  2048
33.609  2048
33.619  2048
33.629  2048
33.639  2048
33.649  2048
33.659  2048
33.669  2048
33.679  2050
33.689  2048
33.699  2048
33.709  2048
33.719  2048
33.729  2048
33.739  2048
33.749  2048
33.759  2048
33.769  2048
33.779  2048
33.789  2048
33.799  2050
33.809  2048
33.819  2048
33.829  2048
33.839  2048
33.849  2048
33.859  2048
33.869  2048
33.879  2048
33.889  2048
33.899  2048
33.909  2048
33.919  2050
33.929  2050
33.939  2048
33.949  2048
33.959  2048
33.969  2050
33.979  3093
33.989  3091
33.999  3091
34.009  3091
34.019  3089
34.029  3093
34.039  3091
34.049  3091
34.059  3091
34.069  3089
34.079  3093
34.089  3091
34.099  3091
34.109  3093
34.119  3089
34.129  3091
34.139  3091
34.149  3091
34.159  3093
34.169  3089
34.179  3093
34.189  3091
34.199  3091
34.209  3091
34.219  3089
34.229  3091
34.239  3091
34.249  3089
34.259  3073
34.269  3089
34.279  3093
34.289  3091
34.299  3089
34.309  3093
34.319  3089
34.329  3093
34.339  3091
34.349  3091
34.359  3093
34.369  3089
34.379  3091
34.389  3091
34.399  3091
34.409  3091
34.419  3089
34.429  3093
34.439  3091
34.449  3091
34.459  3091
34.469  3089
34.479  3093
34.489  3091
34.499  3091
34.509  3091
34.519  3089
34.529  3093
34.539  3091
34.549  3091
34.559  3091
34.569  3089
34.579  3093
34.589  3091
34.599  3091
34.609  3091
34.619  3089
34.629  3093
34.639  3091
34.649  3091
34.659  3093
34.669  3091
34.679  3093
34.689  3091
34.699  3091
34.709  3091
34.719  3089
34.729  3091
34.739  3091
34.749  3089
34.759  3091
34.769  3089
34.779  3093
34.789  3091
34.799  3089
34.809  3093
34.819  3089
34.829  3091
34.839  3091
34.849  3089
34.859  3091
34.869  3089
34.879  3093
34.889  3091
34.899  3089
34.909  3093
34.919  3089
34.929  3091
34.939  3091
34.949  3091
34.959  3091
34.969  3091
34.979  3091
34.989  3091
34.999  3089
35.009  3093
35.019  3089
35.029  3091
35.039  3091
35.049  3089
35.059  3093
35.069  3089
35.079  3093
35.089  3091
35.099  3091
35.109  3093
35.119  3089
35.129  3093
35.139  3091
35.149  3091
35.159  3093
35.169  3089
35.179  3093
35.189  3091
35.199  3091
35.209  3093
35.219  3089
35.229  3091
35.239  3091
35.249  3091
35.259  3093
35.269  3089
35.279  3091
35.289  3089
35.299  3091
35.309  3091
35.319  3089
35.329  3093
35.339  3091
35.349  3091
35.359  3091
35.369  3091
35.379  3091
35.389  3089
35.399  3091
35.409  3091
35.419  3091
35.429  3093
35.439  3091
35.449  3091
35.459  3093
35.469  3091
35.479  3091
35.489  3091
35.499  3091
35.509  3091
35.519  3091
35.529  3093
35.539  3089
35.549  3091
35.559  3091
35.569  3091
35.579  3093
35.589  3089
35.599  3091
35.609  3091
35.619  3091
35.629  3091
35.639  3089
35.649  3091
35.659  3093
35.669  3091
35.679  3091
35.689  3089
35.699  3093
35.709  3093
35.719  3091
35.729  3091
35.739  3091
35.749  3091
35.759  3091
35.769  3091
35.779  3091
35.789  3089
35.799  3091
35.809  3091
35.819  3089
35.829  3091
35.839  3089
35.849  3091
35.859  3093
35.869  3089
35.879  3091
35.889  3089
35.899  3093
35.909  3091
35.919  3089
35.929  3093
35.939  3089
35.949  3091
35.959  3091
35.969  3089
35.979  2050
35.989  2050
35.999  2048
36.009  2048
36.019  2048
36.029  2048
36.039  2050
36.049  2048
36.059  2048
36.069  2048
36.079  2048
36.089  2048
36.099  2048
36.109  2048
36.119  2048
36.129  2048
36.139  2048
36.149  2048
36.159  2048
36.169  2048
36.179  2048
36.189  2048
36.199  2048
36.209  2048
36.219  2048
36.229  2048
36.239  2048
36.249  2048
36.259  2048
36.269  2048
36.279  2048
36.289  2048
36.299  2048
36.309  2048
36.319  2048
36.329  2048
36.339  2048
36.349  2048
36.359  2048
36.369  2048
36.379  2048
36.389  2048
36.399  2048
36.409  2050
36.419  2048
36.429  2048
36.439  2048
36.449  2048
36.459  2048
36.469  2048
36.479  2048
36.489  2048
36.499  2050
36.509  2048
36.519  2048
36.529  2048
36.539  2048
36.549  2048
36.559  2048
36.569  2048
36.579  2050
36.589  2048
36.599  2048
36.609  2048
36.619  2048
36.629  2048
36.639  2048
36.649  2050
36.659  2048
36.669  2048
36.679  2048
36.689  2048
36.699  2048
36.709  2050
36.719  2048
36.729  2048
36.739  2048
36.749  2048
36.759  2048
36.769  2048
36.779  2048
36.789  2048
36.799  2048
36.809  2048
36.819  2048
36.829  2048
36.839  2048
36.849  2048
36.859  2048
36.869  2048
36.879  2048
36.889  2048
36.899  2048
36.909  2048
36.919  2048
36.929  2048
36.939  2048
36.949  2048
36.959  2048
36.969  2050
36.979  2048
36.989  2048
36.999  2048
37.009  2048
37.019  2048
37.029  2048
37.039  2048
37.049  2050
37.059  2048
37.069  2048
37.079  2050
37.089  2048
37.099  2048
37.109  2050
37.119  2048
37.129  2048
37.139  2048
37.149  2050
37.159  2048
37.169  2048
37.179  2048
37.189  2048
37.199  2048
37.209  2048
37.219  2048
37.229  2048
37.239  2048
37.249  2048
37.259  2048
37.269  2048
37.279  2048
37.289  2048
37.299  2048
37.309  2048
37.319  2048
37.329  2050
37.339  2048
37.349  2050
37.359  2048
37.369  2048
37.379  2048
37.389  2048
37.399  2048
37.409  2048
37.419  2048
37.429  2048
37.439  2048
37.449  2048
37.459  2048
37.469  2048
37.479  2048
37.489  2048
37.499  2048
37.509  2048
37.519  2048
37.529  2048
37.539  2050
37.549  2048
37.559  2048
37.569  2048
37.579  2048
37.589  2048
37.599  2048
37.609  2048
37.619  2050
37.629  2048
37.639  2050
37.649  2048
37.659  2048
37.669  2048
37.679  2048
37.689  2048
37.699  2048
37.709  2048
37.719  2048
37.729  2048
37.739  2048
37.749  2048
37.759  2048
37.769  2048
37.779  2048
37.789  2048
37.799  2048
37.809  2050
37.819  2048
37.829  2048
37.839  2048
37.849  2048
37.859  2048
37.869  2048
37.879  2048
37.889  2048
37.899  2050
37.909  2048
37.919  2048
37.929  2048
37.939  2048
37.949  2048
37.959  2048
37.969  2048
37.979  3091
37.989  3089
37.999  3093
38.009  3091
38.019  3091
38.029  3093
38.039  3089
38.049  3093
38.059  3091
38.069  3091
38.079  3093
38.089  3089
38.099  3091
38.109  3091
38.119  3091
38.129  3093
38.139  3089
38.149  3091
38.159  3091
38.169  3091
38.179  3091
38.189  3089
38.199  3093
38.209  3091
38.219  3091
38.229  3093
38.239  3089
38.249  3093
38.259  3091
38.269  3091
38.279  3093
38.289  3089
38.299  3093
38.309  3091
38.319  3091
38.329  3093
38.339  3089
38.349  3093
38.359  3091
38.369  3091
38.379  3093
38.389  3089
38.399  3093
38.409  3091
38.419  3091
38.429  3093
38.439  3091
38.449  3093
38.459  3091
38.469  3091
38.479  3093
38.489  3091
38.499  3091
38.509  3089
38.519  3091
38.529  3093
38.539  3091
38.549  3093
38.559  3091
38.569  3091
38.579  3093
38.589  3091
38.599  3091
38.609  3091
38.619  3091
38.629  3091
38.639  3089
38.649  3093
38.659  3089
38.669  3091
38.679  3091
38.689  3089
38.699  3091
38.709  3091
38.719  3091
38.729  3093
38.739  3089
38.749  3091
38.759  3089
38.769  3091
38.779  3091
38.789  3089
38.799  3093
38.809  3091
38.819  3091
38.829  3093
38.839  3091
38.849  3093
38.859  3091
38.869  3091
38.879  3093
38.889  3089
38.899  3091
38.909  3091
38.919  3091
38.929  3091
38.939  3089
38.949  3091
38.959  3089
38.969  3091
38.979  3091
38.989  3089
38.999  3091
39.009  3089
39.019  3091
39.029  3091
39.039  3089
39.049  3093
39.059  3091
39.069  3091
39.079  3091
39.089  3089
39.099  3093
39.109  3091
39.119  3091
39.129  3093
39.139  3091
39.149  3091
39.159  3089
39.169  3091
39.179  3091
39.189  3089
39.199  3093
39.209  3089
39.219  3091
39.229  3093
39.239  3089
39.249  3093
39.259  3089
39.269  3091
39.279  3093
39.289  3089
39.299  3093
39.309  3091
39.319  3091
39.329  3093
39.339  3089
39.349  3091
39.359  3091
39.369  3091
39.379  3091
39.389  3089
39.399  3093
39.409  3091
39.419  3091
39.429  3093
39.439  3089
39.449  3093
39.459  3091
39.469  3091
39.479  3093
39.489  3089
39.499  3091
39.509  3091
39.519  3091
39.529  3091
39.539  3089
39.549  3091
39.559  3091
39.569  3089
39.579  3091
39.589  3089
39.599  3091
39.609  3091
39.619  3089
39.629  3091
39.639  3089
39.649  3093
39.659  3091
39.669  3091
39.679  3093
39.689  3089
39.699  3093
39.709  3091
39.719  3089
39.729  3091
39.739  3089
39.749  3093
39.759  3091
39.769  3089
39.779  3093
39.789  3089
39.799  3091
39.809  3091
39.819  3087
39.829  3093
39.839  3089
39.849  3091
39.859  3091
39.869  3089
39.879  3093
39.889  3091
39.899  3093
39.909  3091
39.919  3089
39.929  3091
39.939  3089
39.949  3093
39.959  3091
39.969  3089
39.979  2048
39.989  2048
39.999  2048
40.009  2048
40.019  2048
40.029  2048
40.039  2048
40.049  2048
40.059  2048
40.069  2048
40.079  2050
40.089  2048
40.099  2048
40.109  2048
40.119  2048
40.129  2048
40.139  2048
40.149  2048
40.159  2048
40.169  2048
40.179  2048
40.189  2048
40.199  2048
40.209  2048
40.219  2048
40.229  2048
40.239  2048
40.249  2050
40.259  2048
40.269  2048
40.279  2048
40.289  2048
40.299  2048
40.309  2048
40.319  2048
40.329  2048
40.339  2048
40.349  2048
40.359  2048
40.369  2048
40.379  2050
40.389  2048
40.399  2048
40.409  2050
40.419  2048
40.429  2048
40.439  2048
40.449  2048
40.459  2048
40.469  2048
40.479  2048
40.489  2048
40.499  2048
40.509  2048
40.519  2048
40.529  2048
40.539  2048
40.549  2048
40.559  2048
40.569  2048
40.579  2048
40.589  2048
40.599  2048
40.609  2050
40.619  2048
40.629  2048
40.639  2050
40.649  2050
40.659  2048
40.669  2048
40.679  2048
40.689  2048
40.699  2048
40.709  2048
40.719  2048
40.729  2048
40.739  2048
40.749  2048
40.759  2048
40.769  2048
40.779  2048
40.789  2048
40.799  2048
40.809  2048
40.819  2048
40.829  2048
40.839  2048
40.849  2048
40.859  2048
40.869  2048
40.879  2050
40.889  2048
40.899  2048
40.909  2048
40.919  2048
40.929  2048
40.939  2048
40.949  2048
40.959  2048
40.969  2048
40.979  2048
40.989  2048
40.999  2048
41.009  2048
41.019  2048
41.029  2048
41.039  2048
41.049  2048
41.059  2048
41.069  2048
41.079  2048
41.089  2048
41.099  2048
41.109  2048
41.119  2050
41.129  2048
41.139  2048
41.149  2050
41.159  2048
41.169  2048
41.179  2048
41.189  2048
41.199  2048
41.209  2048
41.219  2048
41.229  2048
41.239  2048
41.249  2048
41.259  2050
41.269  2048
41.279  2048
41.289  2048
41.299  2050
41.309  2048
41.319  2048
41.329  2048
41.339  2048
41.349  2048
41.359  2048
41.369  2048
41.379  2048
41.389  2048
41.399  2048
41.409  2048
41.419  2048
41.429  2048
41.439  2050
41.449  2048
41.459  2050
41.469  2048
41.479  2048
41.489  2048
41.499  2048
41.509  2048
41.519  2048
41.529  2048
41.539  2048
41.549  2048
41.559  2048
41.569  2048
41.579  2048
41.589  2048
41.599  2048
41.609  2048
41.619  2048
41.629  2048
41.639  2048
41.649  2048
41.659  2048
41.669  2048
41.679  2048
41.689  2048
41.699  2048
41.709  2048
41.719  2048
41.729  2048
41.739  2050
41.749  2048
41.759  2048
41.769  2048
41.779  2048
41.789  2048
41.799  2048
41.809  2050
41.819  2048
41.829  2048
41.839  2048
41.849  2050
41.859  2048
41.869  2048
41.879  2050
41.889  2048
41.899  2048
41.909  2048
41.919  2048
41.929  2048
41.939  2048
41.949  2048
41.959  2048
41.969  2048
41.979  3093
41.989  3091
41.999  3091
42.009  3091
42.019  3089
42.029  3091
42.039  3091
42.049  3089
42.059  3093
42.069  3089
42.079  3091
42.089  3091
42.099  3089
42.109  3093
42.119  3089
42.129  3093
42.139  3091
42.149  3089
42.159  3093
42.169  3089
42.179  3093
42.189  3091
42.199  3089
42.209  3093
42.219  3089
42.229  3093
42.239  3091
42.249  3091
42.259  3093
42.269  3089
42.279  3091
42.289  3091
42.299  3091
42.309  3093
42.319  3089
42.329  3093
42.339  3091
42.349  3091
42.359  3093
42.369  3089
42.379  3091
42.389  3091
42.399  3091
42.409  3091
42.419  3089
42.429  3091
42.439  3091
42.449  3093
42.459  3093
42.469  3089
42.479  3093
42.489  3091
42.499  3091
42.509  3093
42.519  3089
42.529  3093
42.539  3091
42.549  3091
42.559  3093
42.569  3091
42.579  3091
42.589  3091
42.599  3091
42.609  3091
42.619  3089
42.629  3091
42.639  3091
42.649  3091
42.659  3091
42.669  3089
42.679  3091
42.689  3091
42.699  3091
42.709  3091
42.719  3089
42.729  3093
42.739  3093
42.749  3091
42.759  3091
42.769  3089
42.779  3093
42.789  3091
42.799  3091
42.809  3093
42.819  3089
42.829  3091
42.839  3091
42.849  3091
42.859  3093
42.869  3089
42.879  3091
42.889  3091
42.899  3091
42.909  3093
42.919  3089
42.929  3091
42.939  3091
42.949  3091
42.959  3093
42.969  3089
42.979  3091
42.989  3093
42.999  3091
43.009  3093
43.019  3089
43.029  3091
43.039  3091
43.049  3091
43.059  3093
43.069  3089
43.079  3091
43.089  3091
43.099  3091
43.109  3093
43.119  3089
43.129  3091
43.139  3091
43.149  3091
43.159  3091
43.169  3089
43.179  3091
43.189  3091
43.199  3091
43.209  3091
43.219  3089
43.229  3091
43.239  3093
43.249  3091
43.259  3093
43.269  3089
43.279  3091
43.289  3093
43.299  3091
43.309  3093
43.319  3089
43.329  3091
43.339  3091
43.349  3091
43.359  3091
43.369  3091
43.379  3091
43.389  3091
43.399  3091
43.409  3093
43.419  3089
43.429  3091
43.439  3093
43.449  3091
43.459  3093
43.469  3089
43.479  3091
43.489  3091
43.499  3091
43.509  3091
43.519  3091
43.529  3091
43.539  3091
43.549  3091
43.559  3091
43.569  3091
43.579  3093
43.589  3091
43.599  3091
43.609  3093
43.619  3089
43.629  3091
43.639  3091
43.649  3091
43.659  3093
43.669  3089
43.679  3087
43.689  3087
43.699  3085
43.709  3085
43.719  3085
43.729  3087
43.739  3087
43.749  3085
43.759  3085
43.769  3085
43.779  3085
43.789  3085
43.799  3085
43.809  3085
43.819  3083
43.829  3085
43.839  3085
43.849  3085
43.859  3087
43.869  3085
43.879  3087
43.889  3087
43.899  3087
43.909  3087
43.919  3085
43.929  3087
43.939  3085
43.949  3085
43.959  3085
43.969  3085
43.979  2048
43.989  2048
43.999  2048
44.009  2048
44.019  2048
44.029  2050
44.039  2048
44.049  2048
44.059  2048
44.069  2048
44.079  2048
44.089  2048
44.099  2048
44.109  2048
44.119  2048
44.129  2048
44.139  2048
44.149  2048
44.159  2048
44.169  2048
44.179  2048
44.189  2048
44.199  2048
44.209  2048
44.219  2048
44.229  2050
44.239  2048
44.249  2048
44.259  2048
44.269  2048
44.279  2048
44.289  2048
44.299  2048
44.309  2048
44.319  2048
44.329  2050
44.339  2048
44.349  2048
44.359  2048
44.369  2048
44.379  2048
44.389  2048
44.399  2048
44.409  2050
44.419  2048
44.429  2048
44.439  2048
44.449  2048
44.459  2048
44.469  2048
44.479  2048
44.489  2048
44.499  2050
44.509  2048
44.519  2048
44.529  2048
44.539  2048
44.549  2048
44.559  2048
44.569  2048
44.579  2048
44.589  2048
44.599  2048
44.609  2048
44.619  2048
44.629  2048
44.639  2048
44.649  2048
44.659  2048
44.669  2048
44.679  2048
44.689  2048
44.699  2050
44.709  2048
44.719  2048
44.729  2048
44.739  2048
44.749  2048
44.759  2048
44.769  2048
44.779  2048
44.789  2048
44.799  2048
44.809  2048
44.819  2048
44.829  2048
44.839  2050
44.849  2048
44.859  2048
44.869  2048
44.879  2048
44.889  2050
44.899  2048
44.909  2048
44.919  2048
44.929  2048
44.939  2048
44.949  2048
44.959  2048
44.969  2048
44.979  2048
44.989  2048
44.999  2048
45.009  2048
45.019  2048
45.029  2048
45.039  2048
45.049  2048
45.059  2048
45.069  2048
45.079  2048
45.089  2048
45.099  2048
45.109  2048
45.119  2048
45.129  2048
45.139  2048
45.149  2050
45.159  2048
45.169  2048
45.179  2050
45.189  2048
45.199  2048
45.209  2048
45.219  2048
45.229  2048
45.239  2048
45.249  2048
45.259  2048
45.269  2048
45.279  2048
45.289  2048
45.299  2048
45.309  2048
45.319  2048
45.329  2048
45.339  2048
45.349  2048
45.359  2048
45.369  2048
45.379  2048
45.389  2048
45.399  2048
45.409  2048
45.419  2048
45.429  2048
45.439  2048
45.449  2048
45.459  2048
45.469  2048
45.479  2048
45.489  2048
45.499  2048
45.509  2048
45.519  2048
45.529  2048
45.539  2048
45.549  2048
45.559  2048
45.569  2048
45.579  2048
45.589  2048
45.599  2048
45.609  2048
45.619  2048
45.629  2048
45.639  2048
45.649  2048
45.659  2048
45.669  2048
45.679  2048
45.689  2048
45.699  2048
45.709  2048
45.719  2048
45.729  2048
45.739  2048
45.749  2048
45.759  2048
45.769  2048
45.779  2048
45.789  2048
45.799  2048
45.809  2048
45.819  2048
45.829  2048
45.839  2048
45.849  2048
45.859  2048
45.869  2048
45.879  2048
45.889  2048
45.899  2048
45.909  2048
45.919  2048
45.929  2048
45.939  2048
45.949  2048
45.959  2048
45.969  2048
45.979  3091
45.989  3089
45.999  3089
46.009  3091
46.019  3089
46.029  3091
46.039  3091
46.049  3089
46.059  3091
46.069  3089
46.079  3091
46.089  3091
46.099  3089
46.109  3091
46.119  3089
46.129  3091
46.139  3091
46.149  3089
46.159  3091
46.169  3089
46.179  3093
46.189  3091
46.199  3089
46.209  3091
46.219  3089
46.229  3091
46.239  3089
46.249  3089
46.259  3091
46.269  3089
46.279  3091
46.289  3089
46.299  3089
46.309  3091
46.319  3087
46.329  3091
46.339  3089
46.349  3089
46.359  3091
46.369  3087
46.379  3091
46.389  3089
46.399  3089
46.409  3091
46.419  3089
46.429  3091
46.439  3091
46.449  3089
46.459  3091
46.469  3089
46.479  3091
46.489  3091
46.499  3091
46.509  3091
46.519  3087
46.529  3091
46.539  3089
46.549  3089
46.559  3091
46.569  3089
46.579  3091
46.589  3089
46.599  3089
46.609  3091
46.619  3089
46.629  3091
46.639  3089
46.649  3089
46.659  3091
46.669  3089
46.679  3091
46.689  3091
46.699  3089
46.709  3091
46.719  3089
46.729  3091
46.739  3091
46.749  3089
46.759  3091
46.769  3089
46.779  3091
46.789  3089
46.799  3089
46.809  3091
46.819  3089
46.829  3091
46.839  3089
46.849  3089
46.859  3091
46.869  3089
46.879  3091
46.889  3089
46.899  3089
46.909  3091
46.919  3089
46.929  3091
46.939  3089
46.949  3091
46.959  3091
46.969  3089
46.979  3091
46.989  3089
46.999  3089
47.009  3091
47.019  3089
47.029  3091
47.039  3089
47.049  3091
47.059  3091
47.069  3089
47.079  3091
47.089  3089
47.099  3089
47.109  3091
47.119  3089
47.129  3091
47.139  3089
47.149  3089
47.159  3091
47.169  3089
47.179  3091
47.189  3089
47.199  3089
47.209  3091
47.219  3089
47.229  3091
47.239  3091
47.249  3091
47.259  3091
47.269  3089
47.279  3093
47.289  3091
47.299  3091
47.309  3091
47.319  3089
47.329  3091
47.339  3089
47.349  3089
47.359  3089
47.369  3089
47.379  3091
47.389  3089
47.399  3089
47.409  3091
47.419  3089
47.429  3091
47.439  3091
47.449  3089
47.459  3091
47.469  3089
47.479  3093
47.489  3089
47.499  3089
47.509  3091
47.519  3089
47.529  3093
47.539  3089
47.549  3089
47.559  3091
47.569  3089
47.579  3093
47.589  3089
47.599  3089
47.609  3091
47.619  3089
47.629  3091
47.639  3089
47.649  3089
47.659  3091
47.669  3089
47.679  3091
47.689  3091
47.699  3089
47.709  3091
47.719  3089
47.729  3091
47.739  3091
47.749  3091
47.759  3091
47.769  3089
47.779  3091
47.789  3091
47.799  3091
47.809  3091
47.819  3089
47.829  3091
47.839  3091
47.849  3091
47.859  3091
47.869  3089
47.879  3091
47.889  3091
47.899  3089
47.909  3091
47.919  3087
47.929  3091
47.939  3091
47.949  3089
47.959  3091
47.969  3089
47.979  2048
47.989  2048
47.999  2048
48.009  2048
48.019  2048
48.029  2048
48.039  2050
48.049  2048
48.059  2048
48.069  2048
48.079  2048
48.089  2048
48.099  2048
48.109  2048
48.119  2048
48.129  2048
48.139  2048
48.149  2048
48.159  2048
48.169  2048
48.179  2048
48.189  2048
48.199  2048
48.209  2048
48.219  2050
48.229  2048
48.239  2048
48.249  2048
48.259  2048
48.269  2048
48.279  2048
48.289  2048
48.299  2048
48.309  2048
48.319  2048
48.329  2048
48.339  2048
48.349  2048
48.359  2048
48.369  2048
48.379  2048
48.389  2048
48.399  2048
48.409  2048
48.419  2048
48.429  2048
48.439  2048
48.449  2048
48.459  2048
48.469  2048
48.479  2048
48.489  2048
48.499  2050
48.509  2048
48.519  2048
48.529  2048
48.539  2048
48.549  2048
48.559  2048
48.569  2048
48.579  2048
48.589  2048
48.599  2048
48.609  2048
48.619  2048
48.629  2048
48.639  2048
48.649  2048
48.659  2048
48.669  2048
48.679  2048
48.689  2048
48.699  2048
48.709  2048
48.719  2048
48.729  2048
48.739  2048
48.749  2048
48.759  2048
48.769  2048
48.779  2048
48.789  2048
48.799  2048
48.809  2048
48.819  2048
48.829  2048
48.839  2048
48.849  2048
48.859  2048
48.869  2048
48.879  2048
48.889  2048
48.899  2048
48.909  2048
48.919  2048
48.929  2048
48.939  2048
48.949  2048
48.959  2048
48.969  2048
48.979  2048
48.989  2048
48.999  2048
49.009  2048
49.019  2048
49.029  2048
49.039  2048
49.049  2048
49.059  2048
49.069  2048
49.079  2048
49.089  2048
49.099  2048
49.109  2048
49.119  2048
49.129  2050
49.139  2048
49.149  2048
49.159  2048
49.169  2048
49.179  2048
49.189  2048
49.199  2048
49.209  2050
49.219  2048
49.229  2048
49.239  2048
49.249  2050
49.259  2048
49.269  2048
49.279  2048
49.289  2048
49.299  2048
49.309  2048
49.319  2048
49.329  2048
49.339  2048
49.349  2050
49.359  2048
49.369  2048
49.379  2048
49.389  2048
49.399  2048
49.409  2048
49.419  2048
49.429  2048
49.439  2048
49.449  2048
49.459  2048
49.469  2048
49.479  2048
49.489  2048
49.499  2048
49.509  2048
49.519  2048
49.529  2048
49.539  2048
49.549  2048
49.559  2048
49.569  2048
49.579  2048
49.589  2048
49.599  2048
49.609  2048
49.619  2048
49.629  2048
49.639  2048
49.649  2048
49.659  2048
49.669  2048
49.679  2048
49.689  2048
49.699  2048
49.709  2048
49.719  2048
49.729  2048
49.739  2048
49.749  2048
49.759  2048
49.769  2048
49.779  2048
49.789  2048
49.799  2048
49.809  2048
49.819  2048
49.829  2048
49.839  2048
49.849  2048
49.859  2048
49.869  2048
49.879  2048
49.889  2048
49.899  2048
49.909  2048
49.919  2050
49.929  2048
49.939  2048
49.949  2048
49.959  2048
49.969  2048
49.979  3089
49.989  3091
49.999  3089
50.009  3089
50.019  3091
50.029  3089
50.039  3091
50.049  3089
50.059  3089
50.069  3091
50.079  3089
50.089  3091
50.099  3091
50.109  3089
50.119  3091
50.129  3087
50.139  3091
50.149  3089
50.159  3089
50.169  3091
50.179  3089
50.189  3091
50.199  3091
50.209  3089
50.219  3091
50.229  3089
50.239  3091
50.249  3089
50.259  3089
50.269  3091
50.279  3089
50.289  3091
50.299  3091
50.309  3089
50.319  3091
50.329  3089
50.339  3093
50.349  3091
50.359  3091
50.369  3091
50.379  3089
50.389  3091
50.399  3091
50.409  3091
50.419  3091
50.429  3089
50.439  3091
50.449  3091
50.459  3091
50.469  3091
50.479  3089
50.489  3091
50.499  3091
50.509  3091
50.519  3091
50.529  3089
50.539  3091
50.549  3091
50.559  3091
50.569  3091
50.579  3087
50.589  3091
50.599  3091
50.609  3091
50.619  3091
50.629  3089
50.639  3091
50.649  3091
50.659  3091
50.669  3091
50.679  3089
50.689  3091
50.699  3091
50.709  3091
50.719  3091
50.729  3089
50.739  3091
50.749  3091
50.759  3091
50.769  3091
50.779  3089
50.789  3091
50.799  3091
50.809  3091
50.819  3091
50.829  3087
50.839  3091
50.849  3091
50.859  3091
50.869  3091
50.879  3089
50.889  3091
50.899  3091
50.909  3091
50.919  3093
50.929  3089
50.939  3091
50.949  3091
50.959  3089
50.969  3091
50.979  3089
50.989  3091
50.999  3091
51.009  3089
51.019  3091
51.029  3089
51.039  3091
51.049  3091
51.059  3089
51.069  3091
51.079  3089
51.089  3091
51.099  3091
51.109  3089
51.119  3091
51.129  3089
51.139  3091
51.149  3091
51.159  3089
51.169  3091
51.179  3089
51.189  3091
51.199  3091
51.209  3089
51.219  3091
51.229  3089
51.239  3091
51.249  3091
51.259  3087
51.269  3091
51.279  3089
51.289  3089
51.299  3091
51.309  3087
51.319  3091
51.329  3089
51.339  3089
51.349  3091
51.359  3087
51.369  3091
51.379  3089
51.389  3089
51.399  3091
51.409  3087
51.419  3093
51.429  3091
51.439  3089
51.449  3091
51.459  3089
51.469  3091
51.479  3091
51.489  3089
51.499  3091
51.509  3087
51.519  3091
51.529  3089
51.539  3089
51.549  3091
51.559  3087
51.569  3093
51.579  3091
51.589  3089
51.599  3091
51.609  3087
51.619  3091
51.629  3091
51.639  3089
51.649  3091
51.659  3089
51.669  3091
51.679  3091
51.689  3089
51.699  3091
51.709  3087
51.719  3091
51.729  3091
51.739  3089
51.749  3091
51.759  3087
51.769  3093
51.779  3089
51.789  3089
51.799  3091
51.809  3087
51.819  3091
51.829  3089
51.839  3089
51.849  3091
51.859  3089
51.869  3091
51.879  3091
51.889  3089
51.899  3091
51.909  3087
51.919  3091
51.929  3091
51.939  3089
51.949  3091
51.959  3089
51.969  3093
51.979  2048
51.989  2048
51.999  2048
52.009  2048
52.019  2048
52.029  2048
52.039  2048
52.049  2048
52.059  2048
52.069  2048
52.079  2048
52.089  2048
52.099  2048
52.109  2048
52.119  2048
52.129  2048
52.139  2048
52.149  2048
52.159  2048
52.169  2050
52.179  2048
52.189  2048
52.199  2048
52.209  2048
52.219  2048
52.229  2048
52.239  2048
52.249  2048
52.259  2048
52.269  2048
52.279  2048
52.289  2048
52.299  2048
52.309  2048
52.319  2048
52.329  2050
52.339  2048
52.349  2048
52.359  2048
52.369  2048
52.379  2048
52.389  2048
52.399  2048
52.409  2048
52.419  2050
52.429  2048
52.439  2048
52.449  2048
52.459  2048
52.469  2048
52.479  2048
52.489  2048
52.499  2048
52.509  2050
52.519  2048
52.529  2048
52.539  2048
52.549  2048
52.559  2048
52.569  2048
52.579  2048
52.589  2048
52.599  2048
52.609  2048
52.619  2048
52.629  2048
52.639  2048
52.649  2048
52.659  2050
52.669  2048
52.679  2048
52.689  2048
52.699  2048
52.709  2048
52.719  2048
52.729  2050
52.739  2048
52.749  2048
52.759  2048
52.769  2050
52.779  2048
52.789  2048
52.799  2048
52.809  2048
52.819  2048
52.829  2048
52.839  2048
52.849  2048
52.859  2048
52.869  2048
52.879  2048
52.889  2048
52.899  2048
52.909  2048
52.919  2048
52.929  2048
52.939  2048
52.949  2048
52.959  2048
52.969  2048
52.979  2048
52.989  2048
52.999  2048
53.009  2048
53.019  2048
53.029  2048
53.039  2048
53.049  2048
53.059  2048
53.069  2048
53.079  2048
53.089  2048
53.099  2050
53.109  2048
53.119  2048
53.129  2048
53.139  2048
53.149  2048
53.159  2048
53.169  2048
53.179  2048
53.189  2048
53.199  2048
53.209  2048
53.219  2048
53.229  2048
53.239  2048
53.249  2048
53.259  2048
53.269  2048
53.279  2050
53.289  2050
53.299  2050
53.309  2048
53.319  2048
53.329  2048
53.339  2048
53.349  2048
53.359  2048
53.369  2048
53.379  2048
53.389  2048
53.399  2048
53.409  2050
53.419  2048
53.429  2048
53.439  2048
53.449  2048
53.459  2048
53.469  2048
53.479  2048
53.489  2048
53.499  2048
53.509  2050
53.519  2050
53.529  2048
53.539  2048
53.549  2050
53.559  2048
53.569  2048
53.579  2048
53.589  2048
53.599  2048
53.609  2048
53.619  2048
53.629  2048
53.639  2048
53.649  2048
53.659  2048
53.669  2048
53.679  2048
53.689  2048
53.699  2048
53.709  2048
53.719  2048
53.729  2048
53.739  2048
53.749  2048
53.759  2048
53.769  2048
53.779  2048
53.789  2048
53.799  2048
53.809  2048
53.819  2048
53.829  2048
53.839  2048
53.849  2048
53.859  2048
53.869  2048
53.879  2048
53.889  2048
53.899  2048
53.909  2048
53.919  2048
53.929  2048
53.939  2048
53.949  2048
53.959  2048
53.969  2048
53.979  3083
53.989  3085
53.999  3085
54.009  3083
54.019  3091
54.029  3089
54.039  3091
54.049  3091
54.059  3087
54.069  3091
54.079  3089
54.089  3091
54.099  3091
54.109  3089
54.119  3091
54.129  3089
54.139  3091
54.149  3091
54.159  3089
54.169  3093
54.179  3089
54.189  3091
54.199  3091
54.209  3089
54.219  3091
54.229  3089
54.239  3091
54.249  3091
54.259  3089
54.269  3091
54.279  3089
54.289  3091
54.299  3091
54.309  3089
54.319  3091
54.329  3089
54.339  3091
54.349  3091
54.359  3089
54.369  3091
54.379  3089
54.389  3091
54.399  3091
54.409  3089
54.419  3091
54.429  3089
54.439  3091
54.449  3091
54.459  3089
54.469  3091
54.479  3089
54.489  3091
54.499  3091
54.509  3091
54.519  3091
54.529  3089
54.539  3091
54.549  3091
54.559  3091
54.569  3091
54.579  3089
54.589  3091
54.599  3091
54.609  3091
54.619  3091
54.629  3089
54.639  3091
54.649  3091
54.659  3091
54.669  3091
54.679  3089
54.689  3091
54.699  3091
54.709  3089
54.719  3091
54.729  3089
54.739  3091
54.749  3091
54.759  3089
54.769  3091
54.779  3089
54.789  3091
54.799  3091
54.809  3089
54.819  3079
54.829  3089
54.839  3091
54.849  3091
54.859  3091
54.869  3091
54.879  3089
54.889  3091
54.899  3091
54.909  3089
54.919  3091
54.929  3089
54.939  3091
54.949  3089
54.959  3089
54.969  3091
54.979  3089
54.989  3091
54.999  3091
55.009  3089
55.019  3091
55.029  3087
55.039  3091
55.049  3091
55.059  3089
55.069  3091
55.079  3089
55.089  3091
55.099  3091
55.109  3089
55.119  3091
55.129  3089
55.139  3091
55.149  3091
55.159  3089
55.169  3091
55.179  3089
55.189  3091
55.199  3091
55.209  3089
55.219  3091
55.229  3089
55.239  3091
55.249  3091
55.259  3089
55.269  3091
55.279  3089
55.289  3091
55.299  3089
55.309  3089
55.319  3091
55.329  3089
55.339  3091
55.349  3091
55.359  3089
55.369  3091
55.379  3089
55.389  3091
55.399  3089
55.409  3089
55.419  3091
55.429  3089
55.439  3091
55.449  3089
55.459  3089
55.469  3091
55.479  3089
55.489  3091
55.499  3089
55.509  3089
55.519  3091
55.529  3089
55.539  3091
55.549  3089
55.559  3089
55.569  3091
55.579  3089
55.589  3091
55.599  3089
55.609  3089
55.619  3091
55.629  3089
55.639  3091
55.649  3091
55.659  3089
55.669  3091
55.679  3089
55.689  3091
55.699  3089
55.709  3089
55.719  3091
55.729  3089
55.739  3091
55.749  3089
55.759  3089
55.769  3091
55.779  3089
55.789  3091
55.799  3089
55.809  3089
55.819  3091
55.829  3087
55.839  3091
55.849  3091
55.859  3089
55.869  3091
55.879  3087
55.889  3091
55.899  3091
55.909  3089
55.919  3091
55.929  3089
55.939  3093
55.949  3091
55.959  3089
55.969  3091
55.979  2048
55.989  2048
55.999  2048
56.009  2048
56.019  2048
56.029  2048
56.039  2048
56.049  2048
56.059  2048
56.069  2048
56.079  2048
56.089  2048
56.099  2048
56.109  2048
56.119  2048
56.129  2048
56.139  2048
56.149  2050
56.159  2050
56.169  2048
56.179  2050
56.189  2048
56.199  2048
56.209  2048
56.219  2048
56.229  2048
56.239  2048
56.249  2048
56.259  2048
56.269  2048
56.279  2048
56.289  2048
56.299  2050
56.309  2050
56.319  2048
56.329  2048
56.339  2048
56.349  2048
56.359  2048
56.369  2048
56.379  2048
56.389  2050
56.399  2048
56.409  2048
56.419  2048
56.429  2048
56.439  2048
56.449  2048
56.459  2048
56.469  2048
56.479  2048
56.489  2048
56.499  2048
56.509  2050
56.519  2048
56.529  2048
56.539  2048
56.549  2048
56.559  2050
56.569  2048
56.579  2048
56.589  2048
56.599  2048
56.609  2048
56.619  2048
56.629  2048
56.639  2048
56.649  2048
56.659  2048
56.669  2048
56.679  2048
56.689  2048
56.699  2048
56.709  2048
56.719  2048
56.729  2048
56.739  2048
56.749  2048
56.759  2048
56.769  2048
56.779  2048
56.789  2048
56.799  2048
56.809  2048
56.819  2048
56.829  2048
56.839  2048
56.849  2048
56.859  2048
56.869  2048
56.879  2048
56.889  2048
56.899  2048
56.909  2048
56.919  2048
56.929  2048
56.939  2048
56.949  2048
56.959  2048
56.969  2048
56.979  2050
56.989  2048
56.999  2048
57.009  2048
57.019  2048
57.029  2048
57.039  2048
57.049  2048
57.059  2048
57.069  2048
57.079  2048
57.089  2048
57.099  2048
57.109  2048
57.119  2048
57.129  2048
57.139  2048
57.149  2048
57.159  2048
57.169  2048
57.179  2048
57.189  2048
57.199  2048
57.209  2048
57.219  2048
57.229  2048
57.239  2048
57.249  2048
57.259  2050
57.269  2048
57.279  2048
57.289  2048
57.299  2048
57.309  2048
57.319  2048
57.329  2048
57.339  2048
57.349  2048
57.359  2048
57.369  2048
57.379  2048
57.389  2048
57.399  2048
57.409  2048
57.419  2048
57.429  2048
57.439  2048
57.449  2048
57.459  2048
57.469  2050
57.479  2048
57.489  2048
57.499  2048
57.509  2048
57.519  2048
57.529  2048
57.539  2048
57.549  2048
57.559  2048
57.569  2048
57.579  2048
57.589  2048
57.599  2048
57.609  2048
57.619  2048
57.629  2048
57.639  2048
57.649  2048
57.659  2048
57.669  2048
57.679  2048
57.689  2048
57.699  2050
57.709  2048
57.719  2048
57.729  2048
57.739  2048
57.749  2048
57.759  2048
57.769  2048
57.779  2048
57.789  2048
57.799  2048
57.809  2048
57.819  2048
57.829  2048
57.839  2048
57.849  2048
57.859  2048
57.869  2048
57.879  2048
57.889  2048
57.899  2048
57.909  2048
57.919  2048
57.929  2048
57.939  2050
57.949  2048
57.959  2048
57.969  2048
57.979  3089
57.989  3093
57.999  3089
58.009  3091
58.019  3089
58.029  3089
58.039  3091
58.049  3089
58.059  3091
58.069  3089
58.079  3089
58.089  3091
58.099  3087
58.109  3091
58.119  3091
58.129  3089
58.139  3091
58.149  3087
58.159  3091
58.169  3089
58.179  3089
58.189  3091
58.199  3089
58.209  3091
58.219  3089
58.229  3089
58.239  3091
58.249  3087
58.259  3071
58.269  3091
58.279  3089
58.289  3091
58.299  3087
58.309  3091
58.319  3089
58.329  3089
58.339  3091
58.349  3087
58.359  3091
58.369  3091
58.379  3089
58.389  3091
58.399  3089
58.409  3091
58.419  3091
58.429  3089
58.439  3091
58.449  3087
58.459  3093
58.469  3089
58.479  3089
58.489  3091
58.499  3087
58.509  3093
58.519  3089
58.529  3089
58.539  3091
58.549  3087
58.559  3091
58.569  3091
58.579  3089
58.589  3091
58.599  3087
58.609  3091
58.619  3089
58.629  3089
58.639  3091
58.649  3089
58.659  3091
58.669  3089
58.679  3089
58.689  3091
58.699  3089
58.709  3091
58.719  3089
58.729  3089
58.739  3091
58.749  3089
58.759  3091
58.769  3089
58.779  3089
58.789  3091
58.799  3087
58.809  3091
58.819  3089
58.829  3089
58.839  3091
58.849  3087
58.859  3091
58.869  3089
58.879  3089
58.889  3091
58.899  3087
58.909  3091
58.919  3089
58.929  3089
58.939  3091
58.949  3087
58.959  3091
58.969  3089
58.979  3089
58.989  3091
58.999  3087
59.009  3091
59.019  3089
59.029  3085
59.039  3087
59.049  3085
59.059  3087
59.069  3085
59.079  3085
59.089  3085
59.099  3085
59.109  3087
59.119  3085
59.129  3085
59.139  3085
59.149  3083
59.159  3087
59.169  3085
59.179  3089
59.189  3091
59.199  3089
59.209  3091
59.219  3089
59.229  3089
59.239  3091
59.249  3089
59.259  3091
59.269  3089
59.279  3089
59.289  3091
59.299  3087
59.309  3091
59.319  3089
59.329  3089
59.339  3093
59.349  3087
59.359  3091
59.369  3089
59.379  3089
59.389  3091
59.399  3089
59.409  3091
59.419  3089
59.429  3089
59.439  3091
59.449  3089
59.459  3091
59.469  3089
59.479  3089
59.489  3091
59.499  3089
59.509  3091
59.519  3089
59.529  3089
59.539  3091
59.549  3087
59.559  3091
59.569  3089
59.579  3091
59.589  3091
59.599  3087
59.609  3091
59.619  3089
59.629  3091
59.639  3091
59.649  3087
59.659  3091
59.669  3089
59.679  3091
59.689  3091
59.699  3087
59.709  3091
59.719  3089
59.729  3089
59.739  3091
59.749  3089
59.759  3091
59.769  3089
59.779  3091
59.789  3091
59.799  3087
59.809  3091
59.819  3089
59.829  3089
59.839  3091
59.849  3089
59.859  3091
59.869  3089
59.879  3089
59.889  3091
59.899  3089
59.909  3091
59.919  3089
59.929  3089
59.939  3091
59.949  3087
59.959  3091
59.969  3089
59.979  3089
59.989  3091
59.999  3089
60.009  3091
60.019  3089
60.029  3091
60.039  3091
60.049  3087
60.059  3091
60.069  3089
60.079  3091
60.089  3091
60.099  3089
60.109  3091
60.119  3089
60.129  3091
60.139  3091
60.149  3089
60.159  3091
60.169  3089
60.179  3087
60.189  3085
60.199  3083
60.209  3085
60.219  3085
60.229  3085
60.239  3087
60.249  3085
60.259  3087
60.269  3085
60.279  3083
60.289  3085
60.299  3085
60.309  3089
60.319  3089
60.329  3091
60.339  3091
60.349  3089
60.359  3091
60.369  3089
60.379  3091
60.389  3091
60.399  3089
60.409  3091
60.419  3089
60.429  3091
60.439  3091
60.449  3089
60.459  3091
60.469  3089
60.479  3091
60.489  3091
60.499  3089
60.509  3091
60.519  3089
60.529  3091
60.539  3091
60.549  3089
60.559  3093
60.569  3089
60.579  3091
60.589  3091
60.599  3089
60.609  3091
60.619  3089
60.629  3089
60.639  3091
60.649  3089
60.659  3091
60.669  3089
60.679  3091
60.689  3091
60.699  3089
60.709  3091
60.719  3089
60.729  3091
60.739  3091
60.749  3089
60.759  3091
60.769  3089
60.779  3089
60.789  3091
60.799  3087
60.809  3091
60.819  3089
60.829  3091
60.839  3091
60.849  3089
60.859  3091
60.869  3091
60.879  3091
60.889  3091
60.899  3089
60.909  3091
60.919  3091
60.929  3091
60.939  3091
60.949  3087
