-0.001  2528
0.009  2515
0.019  2487
0.029  2464
0.039  2435
0.049  2411
0.059  2388
0.069  2362
0.079  2343
0.089  2306
0.099  2294
0.109  2257
0.119  2241
0.129  2200
0.139  2181
0.149  2157
0.159  2142
0.169  2136
0.179  2132
0.189  2130
0.199  2130
0.209  2134
0.219  2136
0.229  2134
0.239  2136
0.249  2138
0.259  2144
0.269  2148
0.279  2167
0.289  2173
0.299  2181
0.309  2185
0.319  2198
0.329  2206
0.339  2206
0.349  2208
0.359  2204
0.369  2198
0.379  2196
0.389  2196
0.399  2196
0.409  2193
0.419  2196
0.429  2187
0.439  2183
0.449  2175
0.459  2173
0.469  2167
0.479  2165
0.489  2167
0.499  2169
0.509  2169
0.519  2169
0.529  2167
0.539  2165
0.549  2165
0.559  2167
0.569  2171
0.579  2181
0.589  2187
0.599  2200
0.609  2204
0.619  2236
0.629  2251
0.639  2300
0.649  2333
0.659  2388
0.669  2431
0.679  2474
0.689  2515
0.699  2544
0.709  2581
0.719  2593
0.729  2603
0.739  2609
0.749  2607
0.759  2605
0.769  2585
0.779  2579
0.789  2548
0.799  2530
0.809  2495
0.819  2470
0.829  2431
0.839  2392
0.849  2364
0.859  2331
0.869  2310
0.879  2277
0.889  2265
0.899  2241
0.909  2232
0.919  2210
0.929  2202
0.939  2175
0.949  2163
0.959  2152
0.969  2146
0.979  2144
0.989  2142
0.999  2144
1.009  2148
1.019  2150
1.029  2159
1.039  2163
1.049  2171
1.059  2173
1.069  2187
1.079  2191
1.089  2202
1.099  2206
1.109  2210
1.119  2214
1.129  2214
1.139  2214
1.149  2208
1.159  2204
1.169  2198
1.179  2187
1.189  2181
1.199  2179
1.209  2177
1.219  2175
1.229  2175
1.239  2175
1.249  2175
1.259  2167
1.269  2167
1.279  2165
1.289  2163
1.299  2163
1.309  2161
1.319  2161
1.329  2159
1.339  2155
1.349  2150
1.359  2150
1.369  2150
1.379  2148
1.389  2167
1.399  2173
1.409  2216
1.419  2234
1.429  2294
1.439  2325
1.449  2386
1.459  2431
1.469  2482
1.479  2528
1.489  2558
1.499  2587
1.509  2599
1.519  2607
1.529  2609
1.539  2601
1.549  2599
1.559  2577
1.569  2566
1.579  2521
1.589  2501
1.599  2456
1.609  2427
1.619  2384
1.629  2349
1.639  2318
1.649  2292
1.659  2271
1.669  2247
1.679  2234
1.689  2210
1.699  2202
1.709  2175
1.719  2167
1.729  2155
1.739  2146
1.749  2136
1.759  2134
1.769  2132
1.779  2132
1.789  2132
1.799  2134
1.809  2142
1.819  2150
1.829  2157
1.839  2167
1.849  2169
1.859  2177
1.869  2179
1.879  2191
1.889  2200
1.899  2204
1.909  2206
1.919  2200
1.929  2198
1.939  2193
1.949  2189
1.959  2189
1.969  2189
1.979  2187
1.989  2183
1.999  2183
2.009  2181
2.019  2183
2.029  2179
2.039  2175
2.049  2173
2.059  2171
2.069  2167
2.079  2163
2.089  2165
2.099  2165
2.109  2159
2.119  2157
2.129  2157
2.139  2150
2.149  2150
2.159  2150
2.169  2148
2.179  2150
2.189  2150
2.199  2161
2.209  2167
2.219  2200
2.229  2216
2.239  2269
2.249  2304
2.259  2368
2.269  2421
2.279  2472
2.289  2523
2.299  2554
2.309  2591
2.319  2603
2.329  2609
2.339  2612
2.349  2587
2.359  2577
2.369  2546
2.379  2532
2.389  2495
2.399  2472
2.409  2443
2.419  2421
2.429  2392
2.439  2362
2.449  2337
2.459  2306
2.469  2290
2.479  2255
2.489  2239
2.499  2204
2.509  2189
2.519  2169
2.529  2163
2.539  2142
2.549  2136
2.559  2124
2.569  2118
2.579  2118
2.589  2118
2.599  2122
2.609  2126
2.619  2134
2.629  2144
2.639  2148
2.649  2161
2.659  2167
2.669  2181
2.679  2183
2.689  2191
2.699  2196
2.709  2198
2.719  2200
2.729  2204
2.739  2208
2.749  2202
2.759  2198
2.769  2189
2.779  2181
2.789  2175
2.799  2167
2.809  2165
2.819  2155
2.829  2152
2.839  2150
2.849  2150
2.859  2150
2.869  2150
2.879  2144
2.889  2142
2.899  2142
2.909  2138
2.919  2136
2.929  2136
2.939  2138
2.949  2142
2.959  2142
2.969  2142
2.979  2144
2.989  2134
2.999  2130
3.009  2138
3.019  2142
3.029  2171
3.039  2183
3.049  2226
3.059  2265
3.069  2323
3.079  2382
3.089  2433
3.099  2497
3.109  2534
3.119  2587
3.129  2607
3.139  2632
3.149  2640
3.159  2632
3.169  2628
3.179  2599
3.189  2581
3.199  2544
3.209  2521
3.219  2491
3.229  2466
3.239  2433
3.249  2402
3.259  2376
3.269  2335
3.279  2314
3.289  2280
3.299  2269
3.309  2234
3.319  2220
3.329  2196
3.339  2183
3.349  2159
3.359  2142
3.369  2134
3.379  2128
3.389  2126
3.399  2124
3.409  2126
3.419  2134
3.429  2136
3.439  2140
3.449  2142
3.459  2146
3.469  2148
3.479  2159
3.489  2167
3.499  2173
3.509  2173
3.519  2177
3.529  2181
3.539  2185
3.549  2185
3.559  2185
3.569  2183
3.579  2181
3.589  2173
3.599  2169
3.609  2161
3.619  2159
3.629  2155
3.639  2150
3.649  2148
3.659  2150
3.669  2142
3.679  2138
3.689  2134
3.699  2132
3.709  2132
3.719  2130
3.729  2132
3.739  2134
3.749  2136
3.759  2136
3.769  2136
3.779  2140
3.789  2142
3.799  2142
3.809  2142
3.819  2142
3.829  2142
3.839  2142
3.849  2142
3.859  2148
3.869  2155
3.879  2169
3.889  2189
3.899  2208
3.909  2255
3.919  2280
3.929  2357
3.939  2386
3.949  2470
3.959  2503
3.969  2560
3.979  2589
3.989  2618
3.999  2628
4.009  2634
4.019  2636
4.029  2626
4.039  2607
4.049  2587
4.059  2558
4.069  2538
4.079  2503
4.089  2487
4.099  2443
4.109  2427
4.119  2374
4.129  2351
4.139  2304
4.149  2282
4.159  2255
4.169  2236
4.179  2216
4.189  2204
4.199  2187
4.209  2167
4.219  2157
4.229  2144
4.239  2140
4.249  2138
4.259  2138
4.269  2136
4.279  2138
4.289  2140
4.299  2142
4.309  2144
4.319  2148
4.329  2155
4.339  2159
4.349  2167
4.359  2173
4.369  2177
4.379  2183
4.389  2185
4.399  2183
4.409  2183
4.419  2181
4.429  2181
4.439  2183
4.449  2181
4.459  2171
4.469  2167
4.479  2159
4.489  2152
4.499  2144
4.509  2142
4.519  2134
4.529  2128
4.539  2124
4.549  2124
4.559  2124
4.569  2124
4.579  2124
4.589  2128
4.599  2130
4.609  2130
4.619  2130
4.629  2130
4.639  2130
4.649  2128
4.659  2124
4.669  2124
4.679  2128
4.689  2134
4.699  2138
4.709  2142
4.719  2142
4.729  2142
4.739  2148
4.749  2148
4.759  2175
4.769  2189
4.779  2232
4.789  2257
4.799  2321
4.809  2366
4.819  2427
4.829  2482
4.839  2532
4.849  2583
4.859  2609
4.869  2640
4.879  2650
4.889  2657
4.899  2657
4.909  2636
4.919  2630
4.929  2599
4.939  2581
4.949  2552
4.959  2532
4.969  2501
4.979  2476
4.989  2446
4.999  2421
5.009  2394
5.019  2359
5.029  2337
5.039  2296
5.049  2282
5.059  2247
5.069  2234
5.079  2204
5.089  2189
5.099  2171
5.109  2161
5.119  2152
5.129  2148
5.139  2140
5.149  2138
5.159  2142
5.169  2148
5.179  2150
5.189  2159
5.199  2163
5.209  2167
5.219  2167
5.229  2165
5.239  2165
5.249  2171
5.259  2173
5.269  2181
5.279  2187
5.289  2191
5.299  2191
5.309  2191
5.319  2191
5.329  2187
5.339  2179
5.349  2175
5.359  2167
5.369  2165
5.379  2155
5.389  2150
5.399  2150
5.409  2150
5.419  2148
5.429  2148
5.439  2150
5.449  2150
5.459  2146
5.469  2144
5.479  2142
5.489  2138
5.499  2138
5.509  2142
5.519  2142
5.529  2148
5.539  2148
5.549  2152
5.559  2157
5.569  2157
5.579  2157
5.589  2159
5.599  2157
5.609  2155
5.619  2155
5.629  2150
5.639  2146
5.649  2144
5.659  2142
5.669  2146
5.679  2161
5.689  2167
5.699  2200
5.709  2214
5.719  2269
5.729  2296
5.739  2368
5.749  2407
5.759  2466
5.769  2507
5.779  2560
5.789  2607
5.799  2632
5.809  2657
5.819  2667
5.829  2665
5.839  2663
5.849  2640
5.859  2630
5.869  2591
5.879  2577
5.889  2530
5.899  2507
5.909  2468
5.919  2441
5.929  2407
5.939  2382
5.949  2349
5.959  2323
5.969  2302
5.979  2273
5.989  2259
5.999  2224
6.009  2208
6.019  2171
6.029  2159
6.039  2136
6.049  2126
6.059  2124
6.069  2120
6.079  2124
6.089  2128
6.099  2136
6.109  2150
6.119  2163
6.129  2175
6.139  2181
6.149  2189
6.159  2193
6.169  2200
6.179  2200
6.189  2198
6.199  2196
6.209  2191
6.219  2189
6.229  2185
6.239  2183
6.249  2183
6.259  2181
6.269  2183
6.279  2183
6.289  2183
6.299  2181
6.309  2181
6.319  2183
6.329  2181
6.339  2169
6.349  2165
6.359  2157
6.369  2152
6.379  2150
6.389  2148
6.399  2157
6.409  2161
6.419  2161
6.429  2161
6.439  2161
6.449  2159
6.459  2157
6.469  2157
6.479  2155
6.489  2144
6.499  2138
6.509  2128
6.519  2126
6.529  2128
6.539  2128
6.549  2138
6.559  2146
6.569  2159
6.579  2163
6.589  2171
6.599  2177
6.609  2196
6.619  2224
6.629  2245
6.639  2296
6.649  2314
6.659  2392
6.669  2419
6.679  2495
6.689  2528
6.699  2583
6.709  2614
6.719  2638
6.729  2657
6.739  2659
6.749  2650
6.759  2634
6.769  2607
6.779  2587
6.789  2544
6.799  2525
6.809  2491
6.819  2476
6.829  2435
6.839  2419
6.849  2380
6.859  2364
6.869  2325
6.879  2304
6.889  2273
6.899  2249
6.909  2224
6.919  2200
6.929  2185
6.939  2163
6.949  2150
6.959  2134
6.969  2126
6.979  2126
6.989  2124
6.999  2138
7.009  2144
7.019  2159
7.029  2167
7.039  2171
7.049  2173
7.059  2179
7.069  2185
7.079  2187
7.089  2191
7.099  2198
7.109  2200
7.119  2200
7.129  2200
7.139  2200
7.149  2202
7.159  2202
7.169  2198
7.179  2196
7.189  2191
7.199  2189
7.209  2183
7.219  2179
7.229  2175
7.239  2171
7.249  2167
7.259  2163
7.269  2163
7.279  2161
7.289  2157
7.299  2157
7.309  2157
7.319  2152
7.329  2150
7.339  2142
7.349  2140
7.359  2134
7.369  2132
7.379  2128
7.389  2132
7.399  2134
7.409  2138
7.419  2142
7.429  2152
7.439  2155
7.449  2159
7.459  2161
7.469  2161
7.479  2163
7.489  2173
7.499  2179
7.509  2208
7.519  2228
7.529  2280
7.539  2321
7.549  2376
7.559  2435
7.569  2478
7.579  2540
7.589  2568
7.599  2614
7.609  2628
7.619  2642
7.629  2648
7.639  2632
7.649  2622
7.659  2597
7.669  2583
7.679  2548
7.689  2521
7.699  2487
7.709  2454
7.719  2423
7.729  2386
7.739  2364
7.749  2335
7.759  2323
7.769  2282
7.779  2269
7.789  2228
7.799  2212
7.809  2181
7.819  2165
7.829  2144
7.839  2130
7.849  2118
7.859  2109
7.869  2107
7.879  2107
7.889  2116
7.899  2134
7.909  2144
7.919  2167
7.929  2177
7.939  2191
7.949  2198
7.959  2208
7.969  2212
7.979  2210
7.989  2210
7.999  2206
8.009  2204
8.019  2200
8.029  2200
8.039  2191
8.049  2183
8.059  2183
8.069  2179
8.079  2177
8.089  2171
8.099  2171
8.109  2167
8.119  2165
8.129  2163
8.139  2163
8.149  2157
8.159  2150
8.169  2148
8.179  2144
8.189  2148
8.199  2150
8.209  2155
8.219  2161
8.229  2163
8.239  2159
8.249  2157
8.259  2152
8.269  2150
8.279  2150
8.289  2148
8.299  2148
8.309  2148
8.319  2148
8.329  2148
8.339  2155
8.349  2161
8.359  2171
8.369  2189
8.379  2206
8.389  2249
8.399  2267
8.409  2341
8.419  2368
8.429  2452
8.439  2489
8.449  2556
8.459  2593
8.469  2636
8.479  2663
8.489  2675
8.499  2681
8.509  2673
8.519  2659
8.529  2642
8.539  2605
8.549  2587
8.559  2540
8.569  2523
8.579  2480
8.589  2466
8.599  2425
8.609  2407
8.619  2372
8.629  2351
8.639  2312
8.649  2288
8.659  2259
8.669  2236
8.679  2214
8.689  2193
8.699  2181
8.709  2163
8.719  2152
8.729  2142
8.739  2138
8.749  2134
8.759  2130
8.769  2138
8.779  2142
8.789  2157
8.799  2163
8.809  2175
8.819  2183
8.829  2189
8.839  2191
8.849  2196
8.859  2200
8.869  2200
8.879  2196
8.889  2196
8.899  2187
8.909  2183
8.919  2175
8.929  2171
8.939  2167
8.949  2165
8.959  2161
8.969  2157
8.979  2152
8.989  2152
8.999  2148
9.009  2144
9.019  2142
9.029  2136
9.039  2132
9.049  2130
9.059  2130
9.069  2134
9.079  2136
9.089  2140
9.099  2142
9.109  2142
9.119  2142
9.129  2144
9.139  2146
9.149  2148
9.159  2144
9.169  2142
9.179  2138
9.189  2138
9.199  2134
9.209  2130
9.219  2134
9.229  2136
9.239  2155
9.249  2165
9.259  2206
9.269  2232
9.279  2292
9.289  2333
9.299  2394
9.309  2458
9.319  2513
9.329  2577
9.339  2609
9.349  2663
9.359  2681
9.369  2700
9.379  2708
9.389  2689
9.399  2683
9.409  2648
9.419  2630
9.429  2597
9.439  2577
9.449  2548
9.459  2521
9.469  2491
9.479  2456
9.489  2429
9.499  2390
9.509  2372
9.519  2325
9.529  2310
9.539  2273
9.549  2261
9.559  2230
9.569  2216
9.579  2193
9.589  2181
9.599  2167
9.609  2157
9.619  2148
9.629  2144
9.639  2144
9.649  2144
9.659  2144
9.669  2146
9.679  2150
9.689  2163
9.699  2167
9.709  2171
9.719  2175
9.729  2183
9.739  2185
9.749  2189
9.759  2193
9.769  2191
9.779  2189
9.789  2185
9.799  2183
9.809  2181
9.819  2175
9.829  2175
9.839  2173
9.849  2171
9.859  2159
9.869  2152
9.879  2146
9.889  2144
9.899  2140
9.909  2138
9.919  2132
9.929  2126
9.939  2122
9.949  2118
9.959  2116
9.969  2114
9.979  2111
9.989  2118
9.999  2124
10.009  2126
10.019  2128
10.029  2132
10.039  2130
10.049  2130
10.059  2130
10.069  2134
10.079  2136
10.089  2136
10.099  2134
10.109  2134
10.119  2132
10.129  2132
10.139  2138
10.149  2142
10.159  2152
10.169  2157
10.179  2167
10.189  2173
10.199  2204
10.209  2220
10.219  2275
10.229  2310
10.239  2380
10.249  2431
10.259  2493
10.269  2552
10.279  2597
10.289  2642
10.299  2667
10.309  2694
10.319  2704
10.329  2710
10.339  2708
10.349  2691
10.359  2683
10.369  2644
10.379  2624
10.389  2583
10.399  2556
10.409  2519
10.419  2487
10.429  2458
10.439  2429
10.449  2405
10.459  2366
10.469  2345
10.479  2300
10.489  2284
10.499  2241
10.509  2224
10.519  2191
10.529  2181
10.539  2152
10.549  2138
10.559  2128
10.569  2122
10.579  2122
10.589  2126
10.599  2134
10.609  2144
10.619  2148
10.629  2157
10.639  2161
10.649  2171
10.659  2173
10.669  2179
10.679  2181
10.689  2177
10.699  2175
10.709  2177
10.719  2181
10.729  2181
10.739  2181
10.749  2181
10.759  2183
10.769  2181
10.779  2179
10.789  2175
10.799  2173
10.809  2171
10.819  2165
10.829  2163
10.839  2157
10.849  2152
10.859  2142
10.869  2138
10.879  2134
10.889  2132
10.899  2130
10.909  2128
10.919  2130
10.929  2130
10.939  2130
10.949  2124
10.959  2124
10.969  2120
10.979  2120
10.989  2116
10.999  2116
11.009  2120
11.019  2122
11.029  2124
11.039  2124
11.049  2126
11.059  2128
11.069  2132
11.079  2140
11.089  2144
11.099  2150
11.109  2155
11.119  2165
11.129  2167
11.139  2193
11.149  2202
11.159  2241
11.169  2263
11.179  2316
11.189  2351
11.199  2413
11.209  2462
11.219  2517
11.229  2573
11.239  2614
11.249  2650
11.259  2671
11.269  2687
11.279  2698
11.289  2679
11.299  2673
11.309  2640
11.319  2626
11.329  2583
11.339  2560
11.349  2517
11.359  2487
11.369  2450
11.379  2421
11.389  2392
11.399  2364
11.409  2337
11.419  2298
11.429  2286
11.439  2253
11.449  2241
11.459  2204
11.469  2189
11.479  2167
11.489  2157
11.499  2142
11.509  2134
11.519  2132
11.529  2132
11.539  2134
11.549  2142
11.559  2148
11.569  2161
11.579  2167
11.589  2177
11.599  2181
11.609  2189
11.619  2191
11.629  2193
11.639  2196
11.649  2193
11.659  2196
11.669  2193
11.679  2196
11.689  2189
11.699  2183
11.709  2177
11.719  2169
11.729  2165
11.739  2159
11.749  2157
11.759  2152
11.769  2150
11.779  2150
11.789  2150
11.799  2155
11.809  2155
11.819  2155
11.829  2157
11.839  2148
11.849  2140
11.859  2132
11.869  2128
11.879  2126
11.889  2122
11.899  2122
11.909  2122
11.919  2124
11.929  2136
11.939  2140
11.949  2142
11.959  2144
11.969  2142
11.979  2142
11.989  2142
11.999  2142
12.009  2146
12.019  2148
12.029  2155
12.039  2155
12.049  2159
12.059  2163
12.069  2171
12.079  2191
12.089  2196
12.099  2239
12.109  2257
12.119  2331
12.129  2370
12.139  2448
12.149  2493
12.159  2552
12.169  2591
12.179  2618
12.189  2648
12.199  2663
12.209  2665
12.219  2665
12.229  2657
12.239  2646
12.249  2614
12.259  2601
12.269  2556
12.279  2542
12.289  2495
12.299  2462
12.309  2421
12.319  2396
12.329  2359
12.339  2329
12.349  2304
12.359  2275
12.369  2255
12.379  2224
12.389  2212
12.399  2187
12.409  2175
12.419  2155
12.429  2146
12.439  2142
12.449  2138
12.459  2140
12.469  2142
12.479  2150
12.489  2159
12.499  2163
12.509  2167
12.519  2171
12.529  2175
12.539  2177
12.549  2183
12.559  2187
12.569  2196
12.579  2200
12.589  2200
12.599  2202
12.609  2198
12.619  2196
12.629  2191
12.639  2189
12.649  2183
12.659  2177
12.669  2175
12.679  2173
12.689  2165
12.699  2155
12.709  2150
12.719  2142
12.729  2138
12.739  2136
12.749  2138
12.759  2140
12.769  2142
12.779  2142
12.789  2138
12.799  2134
12.809  2130
12.819  2130
12.829  2132
12.839  2130
12.849  2128
12.859  2128
12.869  2130
12.879  2130
12.889  2130
12.899  2130
12.909  2134
12.919  2134
12.929  2142
12.939  2146
12.949  2148
12.959  2150
12.969  2150
12.979  2155
12.989  2171
12.999  2193
13.009  2214
13.019  2275
13.029  2308
13.039  2396
13.049  2429
13.059  2511
13.069  2548
13.079  2601
13.089  2630
13.099  2659
13.109  2675
13.119  2673
13.129  2667
13.139  2650
13.149  2632
13.159  2609
13.169  2577
13.179  2558
13.189  2519
13.199  2503
13.209  2456
13.219  2439
13.229  2396
13.239  2376
13.249  2331
13.259  2306
13.269  2273
13.279  2255
13.289  2224
13.299  2202
13.309  2183
13.319  2161
13.329  2150
13.339  2136
13.349  2134
13.359  2132
13.369  2130
13.379  2130
13.389  2130
13.399  2134
13.409  2134
13.419  2144
13.429  2155
13.439  2169
13.449  2181
13.459  2189
13.469  2198
13.479  2200
13.489  2200
13.499  2200
13.509  2198
13.519  2196
13.529  2191
13.539  2189
13.549  2181
13.559  2177
13.569  2171
13.579  2165
13.589  2161
13.599  2159
13.609  2155
13.619  2150
13.629  2150
13.639  2150
13.649  2148
13.659  2144
13.669  2142
13.679  2134
13.689  2132
13.699  2126
13.709  2124
13.719  2124
13.729  2124
13.739  2126
13.749  2128
13.759  2132
13.769  2134
13.779  2136
13.789  2136
13.799  2138
13.809  2136
13.819  2136
13.829  2142
13.839  2142
13.849  2142
13.859  2142
13.869  2146
13.879  2148
13.889  2163
13.899  2171
13.909  2206
13.919  2232
13.929  2280
13.939  2323
13.949  2376
13.959  2443
13.969  2487
13.979  2548
13.989  2575
13.999  2620
14.009  2634
14.019  2648
14.029  2659
14.039  2642
14.049  2636
14.059  2618
14.069  2605
14.079  2581
14.089  2560
14.099  2536
14.109  2509
14.119  2487
14.129  2443
14.139  2423
14.149  2382
14.159  2368
14.169  2325
14.179  2308
14.189  2275
14.199  2263
14.209  2232
14.219  2216
14.229  2191
14.239  2173
14.249  2155
14.259  2138
14.269  2134
14.279  2128
14.289  2124
14.299  2124
14.309  2124
14.319  2138
14.329  2140
14.339  2155
14.349  2159
14.359  2169
14.369  2173
14.379  2177
14.389  2179
14.399  2183
14.409  2181
14.419  2181
14.429  2181
14.439  2183
14.449  2181
14.459  2181
14.469  2177
14.479  2177
14.489  2171
14.499  2171
14.509  2165
14.519  2165
14.529  2159
14.539  2150
14.549  2144
14.559  2140
14.569  2132
14.579  2126
14.589  2124
14.599  2120
14.609  2116
14.619  2116
14.629  2118
14.639  2122
14.649  2124
14.659  2126
14.669  2128
14.679  2138
14.689  2140
14.699  2144
14.709  2148
14.719  2146
14.729  2144
14.739  2142
14.749  2140
14.759  2138
14.769  2140
14.779  2144
14.789  2148
14.799  2148
14.809  2161
14.819  2167
14.829  2189
14.839  2202
14.849  2243
14.859  2269
14.869  2331
14.879  2378
14.889  2431
14.899  2487
14.909  2525
14.919  2571
14.929  2597
14.939  2636
14.949  2650
14.959  2663
14.969  2667
14.979  2659
14.989  2655
14.999  2622
15.009  2607
15.019  2571
15.029  2550
15.039  2513
15.049  2487
15.059  2452
15.069  2417
15.079  2392
15.089  2357
15.099  2341
15.109  2308
15.119  2298
15.129  2267
15.139  2255
15.149  2216
15.159  2200
15.169  2175
15.179  2163
15.189  2148
15.199  2142
15.209  2136
15.219  2132
15.229  2134
15.239  2140
15.249  2144
15.259  2150
15.269  2155
15.279  2167
15.289  2167
15.299  2171
15.309  2175
15.319  2179
15.329  2179
15.339  2183
15.349  2187
15.359  2187
15.369  2187
15.379  2183
15.389  2179
15.399  2177
15.409  2175
15.419  2175
15.429  2175
15.439  2175
15.449  2167
15.459  2165
15.469  2159
15.479  2159
15.489  2157
15.499  2157
15.509  2155
15.519  2150
15.529  2146
15.539  2138
15.549  2136
15.559  2134
15.569  2132
15.579  2134
15.589  2136
15.599  2140
15.609  2142
15.619  2142
15.629  2142
15.639  2140
15.649  2138
15.659  2136
15.669  2136
15.679  2140
15.689  2142
15.699  2142
15.709  2146
15.719  2150
15.729  2159
15.739  2163
15.749  2171
15.759  2173
15.769  2196
15.779  2206
15.789  2241
15.799  2261
15.809  2321
15.819  2355
15.829  2413
15.839  2458
15.849  2501
15.859  2538
15.869  2564
15.879  2595
15.889  2603
15.899  2609
15.909  2609
15.919  2599
15.929  2595
15.939  2566
15.949  2554
15.959  2517
15.969  2499
15.979  2466
15.989  2446
15.999  2417
16.009  2386
16.019  2359
16.029  2337
16.039  2312
16.049  2280
16.059  2265
16.069  2236
16.079  2228
16.089  2200
16.099  2187
16.109  2167
16.119  2157
16.129  2144
16.139  2140
16.149  2142
16.159  2142
16.169  2146
16.179  2152
16.189  2159
16.199  2165
16.209  2167
16.219  2173
16.229  2175
16.239  2179
16.249  2181
16.259  2189
16.269  2193
16.279  2200
16.289  2200
16.299  2202
16.309  2202
16.319  2198
16.329  2193
16.339  2191
16.349  2185
16.359  2181
16.369  2173
16.379  2171
16.389  2167
16.399  2163
16.409  2159
16.419  2159
16.429  2152
16.439  2150
16.449  2150
16.459  2150
16.469  2148
16.479  2148
16.489  2148
16.499  2144
16.509  2142
16.519  2142
16.529  2146
16.539  2148
16.549  2148
16.559  2155
16.569  2157
16.579  2159
16.589  2161
16.599  2163
16.609  2163
16.619  2165
16.629  2167
16.639  2169
16.649  2169
16.659  2167
16.669  2169
16.679  2169
16.689  2169
16.699  2171
16.709  2191
16.719  2198
16.729  2234
16.739  2249
16.749  2314
16.759  2345
16.769  2409
16.779  2452
16.789  2495
16.799  2528
16.809  2552
16.819  2568
16.829  2573
16.839  2568
16.849  2560
16.859  2540
16.869  2532
16.879  2501
16.889  2487
16.899  2454
16.909  2437
16.919  2407
16.929  2392
16.939  2364
16.949  2343
16.959  2318
16.969  2298
16.979  2280
16.989  2263
16.999  2249
17.009  2226
17.019  2216
17.029  2193
17.039  2181
17.049  2165
17.059  2161
17.069  2159
17.079  2161
17.089  2167
17.099  2169
17.109  2171
17.119  2173
17.129  2177
17.139  2181
17.149  2183
17.159  2185
17.169  2189
17.179  2198
17.189  2200
17.199  2204
17.209  2208
17.219  2208
17.229  2208
17.239  2208
17.249  2208
17.259  2206
17.269  2202
17.279  2204
17.289  2202
17.299  2200
17.309  2196
17.319  2193
17.329  2191
17.339  2189
17.349  2183
17.359  2183
17.369  2175
17.379  2171
17.389  2167
17.399  2165
17.409  2157
17.419  2152
17.429  2150
17.439  2150
17.449  2150
17.459  2150
17.469  2150
17.479  2150
17.489  2150
17.499  2152
17.509  2157
17.519  2165
17.529  2167
17.539  2171
17.549  2175
17.559  2175
17.569  2175
17.579  2175
17.589  2175
17.599  2187
17.609  2196
17.619  2216
17.629  2245
17.639  2267
17.649  2308
17.659  2329
17.669  2388
17.679  2411
17.689  2462
17.699  2482
17.709  2505
17.719  2517
17.729  2521
17.739  2525
17.749  2519
17.759  2511
17.769  2497
17.779  2480
17.789  2460
17.799  2433
17.809  2415
17.819  2382
17.829  2372
17.839  2333
17.849  2318
17.859  2292
17.869  2282
17.879  2261
17.889  2253
17.899  2236
17.909  2226
17.919  2214
17.929  2202
17.939  2193
17.949  2187
17.959  2179
17.969  2173
17.979  2171
17.989  2175
17.999  2173
18.009  2179
18.019  2181
18.029  2187
18.039  2187
18.049  2200
18.059  2210
18.069  2218
18.079  2224
18.089  2230
18.099  2236
18.109  2236
18.119  2234
18.129  2232
18.139  2230
18.149  2226
18.159  2218
18.169  2216
18.179  2212
18.189  2208
18.199  2204
18.209  2204
18.219  2204
18.229  2200
18.239  2200
18.249  2198
18.259  2191
18.269  2185
18.279  2185
18.289  2177
18.299  2175
18.309  2175
18.319  2173
18.329  2181
18.339  2181
18.349  2183
18.359  2187
18.369  2191
18.379  2191
18.389  2191
18.399  2191
18.409  2185
18.419  2185
18.429  2183
18.439  2181
18.449  2183
18.459  2183
18.469  2179
18.479  2185
18.489  2189
18.499  2206
18.509  2216
18.519  2249
18.529  2269
18.539  2316
18.549  2351
18.559  2392
18.569  2435
18.579  2468
18.589  2495
18.599  2513
18.609  2536
18.619  2544
18.629  2548
18.639  2552
18.649  2542
18.659  2538
18.669  2507
18.679  2491
18.689  2456
18.699  2435
18.709  2405
18.719  2382
18.729  2364
18.739  2343
18.749  2329
18.759  2310
18.769  2298
18.779  2275
18.789  2265
18.799  2247
18.809  2239
18.819  2224
18.829  2218
18.839  2202
18.849  2193
18.859  2183
18.869  2177
18.879  2175
18.889  2175
18.899  2177
18.909  2179
18.919  2183
18.929  2187
18.939  2187
18.949  2200
18.959  2206
18.969  2216
18.979  2218
18.989  2226
18.999  2232
19.009  2232
19.019  2232
19.029  2236
19.039  2232
19.049  2232
19.059  2230
19.069  2224
19.079  2224
19.089  2220
19.099  2212
19.109  2208
19.119  2208
19.129  2208
19.139  2204
19.149  2202
19.159  2200
19.169  2198
19.179  2189
19.189  2185
19.199  2179
19.209  2173
19.219  2169
19.229  2171
19.239  2169
19.249  2167
19.259  2169
19.269  2177
19.279  2183
19.289  2189
19.299  2191
19.309  2198
19.319  2200
19.329  2198
19.339  2196
19.349  2191
19.359  2189
19.369  2187
19.379  2189
19.389  2189
19.399  2191
19.409  2193
19.419  2200
19.429  2200
19.439  2212
19.449  2218
19.459  2243
19.469  2253
19.479  2286
19.489  2302
19.499  2345
19.509  2380
19.519  2425
19.529  2470
19.539  2503
19.549  2540
19.559  2556
19.569  2575
19.579  2581
19.589  2581
19.599  2581
19.609  2564
19.619  2556
19.629  2528
19.639  2511
19.649  2476
19.659  2454
19.669  2427
19.679  2402
19.689  2382
19.699  2364
19.709  2345
19.719  2325
19.729  2312
19.739  2292
19.749  2284
19.759  2265
19.769  2257
19.779  2239
19.789  2226
19.799  2210
19.809  2200
19.819  2193
19.829  2191
19.839  2193
19.849  2198
19.859  2204
19.869  2206
19.879  2208
19.889  2212
19.899  2214
19.909  2214
19.919  2214
19.929  2218
19.939  2220
19.949  2228
19.959  2232
19.969  2236
19.979  2241
19.989  2241
19.999  2241
20.009  2232
20.019  2226
20.029  2222
20.039  2212
20.049  2208
20.059  2200
20.069  2196
20.079  2187
20.089  2183
20.099  2179
20.109  2177
20.119  2179
20.129  2181
20.139  2181
20.149  2181
20.159  2181
20.169  2183
20.179  2183
20.189  2185
20.199  2185
20.209  2179
20.219  2175
20.229  2171
20.239  2171
20.249  2173
20.259  2175
20.269  2181
20.279  2189
20.289  2187
20.299  2187
20.309  2185
20.319  2183
20.329  2185
20.339  2185
20.349  2185
20.359  2183
20.369  2183
20.379  2181
20.389  2181
20.399  2187
20.409  2189
20.419  2196
20.429  2200
20.439  2224
20.449  2241
20.459  2275
20.469  2302
20.479  2345
20.489  2388
20.499  2425
20.509  2472
20.519  2503
20.529  2546
20.539  2560
20.549  2585
20.559  2593
20.569  2593
20.579  2593
20.589  2579
20.599  2571
20.609  2550
20.619  2536
20.629  2505
20.639  2482
20.649  2456
20.659  2425
20.669  2402
20.679  2372
20.689  2353
20.699  2314
20.709  2300
20.719  2275
20.729  2265
20.739  2243
20.749  2232
20.759  2216
20.769  2206
20.779  2193
20.789  2181
20.799  2173
20.809  2165
20.819  2167
20.829  2173
20.839  2177
20.849  2183
20.859  2187
20.869  2196
20.879  2200
20.889  2214
20.899  2216
20.909  2224
20.919  2226
20.929  2224
20.939  2222
20.949  2220
20.959  2216
20.969  2212
20.979  2210
20.989  2210
20.999  2208
21.009  2208
21.019  2208
21.029  2210
21.039  2200
21.049  2198
21.059  2191
21.069  2189
21.079  2185
21.089  2183
21.099  2181
21.109  2175
21.119  2173
21.129  2171
21.139  2171
21.149  2169
21.159  2169
21.169  2169
21.179  2171
21.189  2169
21.199  2169
21.209  2173
21.219  2175
21.229  2177
21.239  2181
21.249  2181
21.259  2181
21.269  2181
21.279  2183
21.289  2183
21.299  2187
21.309  2187
21.319  2187
21.329  2189
21.339  2189
21.349  2187
21.359  2183
21.369  2183
21.379  2181
21.389  2181
21.399  2204
21.409  2214
21.419  2245
21.429  2269
21.439  2321
21.449  2370
21.459  2413
21.469  2468
21.479  2501
21.489  2548
21.499  2564
21.509  2589
21.519  2599
21.529  2607
21.539  2605
21.549  2591
21.559  2583
21.569  2562
21.579  2548
21.589  2517
21.599  2493
21.609  2464
21.619  2435
21.629  2411
21.639  2376
21.649  2359
21.659  2321
21.669  2306
21.679  2277
21.689  2267
21.699  2236
21.709  2222
21.719  2200
21.729  2183
21.739  2171
21.749  2163
21.759  2159
21.769  2157
21.779  2161
21.789  2163
21.799  2165
21.809  2167
21.819  2169
21.829  2181
21.839  2185
21.849  2193
21.859  2200
21.869  2210
21.879  2216
21.889  2224
21.899  2226
21.909  2228
21.919  2232
21.929  2230
21.939  2230
21.949  2224
21.959  2218
21.969  2216
21.979  2212
21.989  2208
21.999  2200
22.009  2198
22.019  2189
22.029  2185
22.039  2177
22.049  2177
22.059  2175
22.069  2171
22.079  2163
22.089  2155
22.099  2148
22.109  2146
22.119  2146
22.129  2152
22.139  2157
22.149  2159
22.159  2161
22.169  2163
22.179  2163
22.189  2167
22.199  2167
22.209  2167
22.219  2165
22.229  2159
22.239  2159
22.249  2159
22.259  2161
22.269  2163
22.279  2171
22.289  2169
22.299  2169
22.309  2167
22.319  2177
22.329  2181
22.339  2191
22.349  2198
22.359  2230
22.369  2251
22.379  2296
22.389  2331
22.399  2386
22.409  2441
22.419  2491
22.429  2552
22.439  2583
22.449  2622
22.459  2634
22.469  2650
22.479  2655
22.489  2636
22.499  2630
22.509  2599
22.519  2583
22.529  2550
22.539  2521
22.549  2489
22.559  2464
22.569  2437
22.579  2407
22.589  2382
22.599  2345
22.609  2329
22.619  2288
22.629  2275
22.639  2241
22.649  2228
22.659  2200
22.669  2189
22.679  2175
22.689  2167
22.699  2159
22.709  2152
22.719  2148
22.729  2144
22.739  2146
22.749  2155
22.759  2159
22.769  2169
22.779  2177
22.789  2183
22.799  2185
22.809  2189
22.819  2193
22.829  2202
22.839  2206
22.849  2210
22.859  2212
22.869  2212
22.879  2210
22.889  2206
22.899  2204
22.909  2200
22.919  2191
22.929  2189
22.939  2183
22.949  2183
22.959  2179
22.969  2177
22.979  2167
22.989  2163
22.999  2161
23.009  2159
23.019  2155
23.029  2155
23.039  2148
23.049  2146
23.059  2142
23.069  2142
23.079  2144
23.089  2152
23.099  2155
23.109  2159
23.119  2163
23.129  2157
23.139  2157
23.149  2159
23.159  2159
23.169  2159
23.179  2161
23.189  2163
23.199  2163
23.209  2165
23.219  2167
23.229  2169
23.239  2175
23.249  2175
23.259  2179
23.269  2181
23.279  2183
23.289  2181
23.299  2187
23.309  2193
23.319  2210
23.329  2220
23.339  2253
23.349  2282
23.359  2335
23.369  2386
23.379  2435
23.389  2503
23.399  2538
23.409  2601
23.419  2626
23.429  2663
23.439  2675
23.449  2683
23.459  2691
23.469  2677
23.479  2669
23.489  2638
23.499  2618
23.509  2585
23.519  2556
23.529  2528
23.539  2491
23.549  2462
23.559  2425
23.569  2407
23.579  2368
23.589  2351
23.599  2314
23.609  2302
23.619  2277
23.629  2265
23.639  2241
23.649  2224
23.659  2204
23.669  2189
23.679  2177
23.689  2169
23.699  2163
23.709  2159
23.719  2157
23.729  2161
23.739  2163
23.749  2165
23.759  2167
23.769  2173
23.779  2177
23.789  2185
23.799  2191
23.809  2196
23.819  2200
23.829  2198
23.839  2196
23.849  2193
23.859  2191
23.869  2187
23.879  2183
23.889  2183
23.899  2183
23.909  2181
23.919  2177
23.929  2177
23.939  2173
23.949  2171
23.959  2165
23.969  2159
23.979  2152
23.989  2146
23.999  2146
24.009  2148
24.019  2150
24.029  2157
24.039  2155
24.049  2150
24.059  2148
24.069  2144
24.079  2144
24.089  2136
24.099  2132
24.109  2130
24.119  2132
24.129  2136
24.139  2140
24.149  2144
24.159  2148
24.169  2150
24.179  2155
24.189  2157
24.199  2155
24.209  2157
24.219  2157
24.229  2157
24.239  2155
24.249  2155
24.259  2157
24.269  2157
24.279  2165
24.289  2167
24.299  2181
24.309  2196
24.319  2220
24.329  2253
24.339  2294
24.349  2355
24.359  2388
24.369  2466
24.379  2495
24.389  2568
24.399  2595
24.409  2640
24.419  2661
24.429  2681
24.439  2691
24.449  2689
24.459  2685
24.469  2663
24.479  2638
24.489  2612
24.499  2579
24.509  2554
24.519  2511
24.529  2497
24.539  2446
24.549  2425
24.559  2380
24.569  2364
24.579  2325
24.589  2308
24.599  2282
24.609  2263
24.619  2241
24.629  2226
24.639  2202
24.649  2181
24.659  2169
24.669  2155
24.679  2155
24.689  2152
24.699  2148
24.709  2150
24.719  2150
24.729  2150
24.739  2155
24.749  2167
24.759  2171
24.769  2181
24.779  2189
24.789  2193
24.799  2204
24.809  2206
24.819  2206
24.829  2208
24.839  2204
24.849  2200
24.859  2187
24.869  2183
24.879  2181
24.889  2175
24.899  2173
24.909  2171
24.919  2167
24.929  2163
24.939  2165
24.949  2163
24.959  2159
24.969  2150
24.979  2148
24.989  2146
24.999  2142
25.009  2138
25.019  2138
25.029  2132
25.039  2126
25.049  2128
25.059  2130
25.069  2134
25.079  2134
25.089  2130
25.099  2126
25.109  2124
25.119  2122
25.129  2122
25.139  2124
25.149  2126
25.159  2132
25.169  2134
25.179  2144
25.189  2148
25.199  2157
25.209  2161
25.219  2167
25.229  2167
25.239  2169
25.249  2171
25.259  2171
25.269  2169
25.279  2179
25.289  2189
25.299  2208
25.309  2249
25.319  2277
25.329  2349
25.339  2376
25.349  2466
25.359  2501
25.369  2573
25.379  2607
25.389  2644
25.399  2667
25.409  2677
25.419  2681
25.429  2673
25.439  2663
25.449  2646
25.459  2626
25.469  2605
25.479  2568
25.489  2552
25.499  2507
25.509  2491
25.519  2441
25.529  2425
25.539  2378
25.549  2355
25.559  2321
25.569  2298
25.579  2265
25.589  2241
25.599  2214
25.609  2185
25.619  2167
25.629  2148
25.639  2140
25.649  2130
25.659  2126
25.669  2124
25.679  2124
25.689  2134
25.699  2140
25.709  2157
25.719  2165
25.729  2173
25.739  2177
25.749  2181
25.759  2181
25.769  2181
25.779  2183
25.789  2183
25.799  2187
25.809  2187
25.819  2187
25.829  2189
25.839  2189
25.849  2187
25.859  2187
25.869  2189
25.879  2179
25.889  2173
25.899  2165
25.909  2161
25.919  2150
25.929  2142
25.939  2136
25.949  2132
25.959  2130
25.969  2126
25.979  2124
25.989  2132
25.999  2134
26.009  2136
26.019  2136
26.029  2134
26.039  2130
26.049  2126
26.059  2126
26.069  2122
26.079  2118
26.089  2118
26.099  2118
26.109  2120
26.119  2126
26.129  2128
26.139  2138
26.149  2142
26.159  2142
26.169  2142
26.179  2140
26.189  2138
26.199  2138
26.209  2142
26.219  2157
26.229  2169
26.239  2198
26.249  2232
26.259  2273
26.269  2335
26.279  2374
26.289  2460
26.299  2489
26.309  2566
26.319  2595
26.329  2648
26.339  2669
26.349  2689
26.359  2700
26.369  2696
26.379  2689
26.389  2671
26.399  2653
26.409  2630
26.419  2597
26.429  2573
26.439  2528
26.449  2507
26.459  2458
26.469  2439
26.479  2388
26.489  2370
26.499  2329
26.509  2308
26.519  2282
26.529  2267
26.539  2236
26.549  2214
26.559  2193
26.569  2173
26.579  2161
26.589  2140
26.599  2132
26.609  2118
26.619  2114
26.629  2118
26.639  2122
26.649  2138
26.659  2146
26.669  2157
26.679  2165
26.689  2173
26.699  2179
26.709  2185
26.719  2191
26.729  2191
26.739  2189
26.749  2189
26.759  2187
26.769  2189
26.779  2191
26.789  2187
26.799  2183
26.809  2183
26.819  2173
26.829  2165
26.839  2155
26.849  2148
26.859  2144
26.869  2144
26.879  2142
26.889  2142
26.899  2142
26.909  2138
26.919  2136
26.929  2136
26.939  2138
26.949  2136
26.959  2136
26.969  2134
26.979  2132
26.989  2128
26.999  2128
27.009  2134
27.019  2136
27.029  2142
27.039  2142
27.049  2142
27.059  2142
27.069  2142
27.079  2138
27.089  2138
27.099  2138
27.109  2136
27.119  2136
27.129  2136
27.139  2142
27.149  2142
27.159  2148
27.169  2152
27.179  2161
27.189  2167
27.199  2179
27.209  2198
27.219  2216
27.229  2255
27.239  2282
27.249  2351
27.259  2376
27.269  2458
27.279  2493
27.289  2568
27.299  2603
27.309  2659
27.319  2687
27.329  2712
27.339  2726
27.349  2728
27.359  2726
27.369  2712
27.379  2691
27.389  2671
27.399  2626
27.409  2605
27.419  2552
27.429  2532
27.439  2482
27.449  2462
27.459  2411
27.469  2384
27.479  2345
27.489  2318
27.499  2290
27.509  2267
27.519  2243
27.529  2220
27.539  2198
27.549  2175
27.559  2165
27.569  2152
27.579  2144
27.589  2140
27.599  2138
27.609  2138
27.619  2136
27.629  2142
27.639  2146
27.649  2155
27.659  2161
27.669  2171
27.679  2181
27.689  2189
27.699  2198
27.709  2200
27.719  2206
27.729  2206
27.739  2204
27.749  2202
27.759  2193
27.769  2189
27.779  2189
27.789  2183
27.799  2177
27.809  2171
27.819  2159
27.829  2148
27.839  2142
27.849  2138
27.859  2138
27.869  2142
27.879  2142
27.889  2142
27.899  2142
27.909  2134
27.919  2132
27.929  2124
27.939  2118
27.949  2118
27.959  2118
27.969  2124
27.979  2126
27.989  2134
27.999  2140
28.009  2142
28.019  2142
28.029  2142
28.039  2134
28.049  2132
28.059  2130
28.069  2130
28.079  2130
28.089  2130
28.099  2134
28.109  2136
28.119  2144
28.129  2152
28.139  2159
28.149  2165
28.159  2171
28.169  2179
28.179  2189
28.189  2208
28.199  2218
28.209  2271
28.219  2290
28.229  2370
28.239  2398
28.249  2476
28.259  2513
28.269  2577
28.279  2620
28.289  2653
28.299  2677
28.309  2687
28.319  2694
28.329  2689
28.339  2679
28.349  2667
28.359  2634
28.369  2624
28.379  2579
28.389  2562
28.399  2517
28.409  2499
28.419  2452
28.429  2423
28.439  2378
28.449  2347
28.459  2312
28.469  2286
28.479  2261
28.489  2243
28.499  2232
28.509  2212
28.519  2202
28.529  2183
28.539  2175
28.549  2155
28.559  2146
28.569  2142
28.579  2138
28.589  2140
28.599  2142
28.609  2148
28.619  2155
28.629  2163
28.639  2171
28.649  2175
28.659  2183
28.669  2187
28.679  2187
28.689  2189
28.699  2189
28.709  2189
28.719  2189
28.729  2187
28.739  2181
28.749  2179
28.759  2173
28.769  2171
28.779  2173
28.789  2171
28.799  2167
28.809  2163
28.819  2161
28.829  2148
28.839  2144
28.849  2138
28.859  2138
28.869  2134
28.879  2130
28.889  2130
28.899  2130
28.909  2128
28.919  2124
28.929  2124
28.939  2124
28.949  2124
28.959  2124
28.969  2124
28.979  2128
28.989  2130
28.999  2130
29.009  2128
29.019  2132
29.029  2138
29.039  2144
29.049  2148
29.059  2144
29.069  2144
29.079  2142
29.089  2138
29.099  2140
29.109  2142
29.119  2148
29.129  2159
29.139  2171
29.149  2198
29.159  2210
29.169  2263
29.179  2282
29.189  2359
29.199  2390
29.209  2470
29.219  2507
29.229  2564
29.239  2599
29.249  2634
29.259  2659
29.269  2675
29.279  2691
29.289  2689
29.299  2683
29.309  2673
29.319  2642
29.329  2630
29.339  2585
29.349  2571
29.359  2511
29.369  2489
29.379  2443
29.389  2417
29.399  2378
29.409  2353
29.419  2314
29.429  2286
29.439  2259
29.449  2234
29.459  2218
29.469  2191
29.479  2177
29.489  2150
29.499  2142
29.509  2126
29.519  2118
29.529  2124
29.539  2124
29.549  2134
29.559  2140
29.569  2150
29.579  2159
29.589  2167
29.599  2171
29.609  2175
29.619  2175
29.629  2177
29.639  2183
29.649  2185
29.659  2187
29.669  2189
29.679  2189
29.689  2187
29.699  2183
29.709  2183
29.719  2183
29.729  2181
29.739  2177
29.749  2173
29.759  2165
29.769  2155
29.779  2150
29.789  2142
29.799  2138
29.809  2132
29.819  2130
29.829  2134
29.839  2136
29.849  2134
29.859  2134
29.869  2138
29.879  2138
29.889  2136
29.899  2136
29.909  2136
29.919  2136
29.929  2134
29.939  2126
29.949  2126
29.959  2130
29.969  2130
29.979  2128
29.989  2130
29.999  2138
30.009  2142
30.019  2148
30.029  2157
30.039  2159
30.049  2161
30.059  2169
30.069  2177
30.079  2198
30.089  2226
30.099  2255
30.109  2312
30.119  2341
30.129  2427
30.139  2458
30.149  2540
30.159  2573
30.169  2626
30.179  2650
30.189  2667
30.199  2679
30.209  2677
30.219  2673
30.229  2657
30.239  2636
30.249  2618
30.259  2583
30.269  2564
30.279  2528
30.289  2509
30.299  2454
30.309  2435
30.319  2390
30.329  2368
30.339  2325
30.349  2306
30.359  2271
30.369  2247
30.379  2222
30.389  2200
30.399  2181
30.409  2161
30.419  2148
30.429  2138
30.439  2134
30.449  2126
30.459  2124
30.469  2128
30.479  2130
30.489  2138
30.499  2140
30.509  2148
30.519  2152
30.529  2167
30.539  2171
30.549  2175
30.559  2179
30.569  2181
30.579  2181
30.589  2181
30.599  2183
30.609  2181
30.619  2177
30.629  2177
30.639  2171
30.649  2169
30.659  2163
30.669  2159
30.679  2150
30.689  2144
30.699  2142
30.709  2138
30.719  2134
30.729  2126
30.739  2124
30.749  2120
30.759  2116
30.769  2111
30.779  2114
30.789  2116
30.799  2114
30.809  2118
30.819  2124
30.829  2132
30.839  2136
30.849  2134
30.859  2136
30.869  2134
30.879  2132
30.889  2132
30.899  2134
30.909  2136
30.919  2140
30.929  2142
30.939  2146
30.949  2148
30.959  2159
30.969  2159
30.979  2161
30.989  2161
30.999  2165
31.009  2167
31.019  2179
31.029  2191
31.039  2212
31.049  2251
31.059  2286
31.069  2355
31.079  2388
31.089  2476
31.099  2507
31.109  2579
31.119  2607
31.129  2650
31.139  2675
31.149  2681
31.159  2689
31.169  2681
31.179  2669
31.189  2650
31.199  2632
31.209  2609
31.219  2577
31.229  2558
31.239  2515
31.249  2499
31.259  2454
31.269  2437
31.279  2398
31.289  2374
31.299  2337
31.309  2316
31.319  2288
31.329  2265
31.339  2239
31.349  2214
31.359  2196
31.369  2175
31.379  2163
31.389  2150
31.399  2146
31.409  2144
31.419  2142
31.429  2146
31.439  2148
31.449  2148
31.459  2148
31.469  2152
31.479  2155
31.489  2161
31.499  2165
31.509  2171
31.519  2175
31.529  2181
31.539  2183
31.549  2187
31.559  2187
31.569  2187
31.579  2187
31.589  2189
31.599  2185
31.609  2181
31.619  2177
31.629  2177
31.639  2171
31.649  2165
31.659  2163
31.669  2163
31.679  2161
31.689  2159
31.699  2155
31.709  2152
31.719  2150
31.729  2144
31.739  2144
31.749  2144
31.759  2142
31.769  2142
31.779  2146
31.789  2140
31.799  2138
31.809  2138
31.819  2136
31.829  2136
31.839  2136
31.849  2136
31.859  2136
31.869  2138
31.879  2142
31.889  2142
31.899  2150
31.909  2155
31.919  2159
31.929  2161
31.939  2165
31.949  2167
31.959  2171
31.969  2173
31.979  2175
31.989  2175
31.999  2175
32.009  2175
32.019  2179
32.029  2196
32.039  2202
32.049  2239
32.059  2253
32.069  2316
32.079  2343
32.089  2411
32.099  2448
32.109  2515
32.119  2556
32.129  2599
32.139  2632
32.149  2653
32.159  2669
32.169  2673
32.179  2675
32.189  2673
32.199  2655
32.209  2648
32.219  2614
32.229  2599
32.239  2558
32.249  2536
32.259  2495
32.269  2470
32.279  2429
32.289  2394
32.299  2357
32.309  2325
32.319  2300
32.329  2273
32.339  2259
32.349  2241
32.359  2230
32.369  2208
32.379  2200
32.389  2173
32.399  2161
32.409  2148
32.419  2142
32.429  2134
32.439  2132
32.449  2138
32.459  2144
32.469  2155
32.479  2165
32.489  2171
32.499  2179
32.509  2181
32.519  2189
32.529  2196
32.539  2196
32.549  2196
32.559  2185
32.569  2181
32.579  2183
32.589  2183
32.599  2181
32.609  2181
32.619  2181
32.629  2183
32.639  2179
32.649  2173
32.659  2169
32.669  2161
32.679  2159
32.689  2157
32.699  2157
32.709  2155
32.719  2155
32.729  2157
32.739  2157
32.749  2155
32.759  2150
32.769  2144
32.779  2142
32.789  2138
32.799  2136
32.809  2138
32.819  2142
32.829  2142
32.839  2142
32.849  2142
32.859  2142
32.869  2142
32.879  2142
32.889  2144
32.899  2148
32.909  2148
32.919  2152
32.929  2155
32.939  2159
32.949  2161
32.959  2165
32.969  2173
32.979  2177
32.989  2183
32.999  2187
33.009  2191
33.019  2193
33.029  2218
33.039  2226
33.049  2271
33.059  2294
33.069  2353
33.079  2392
33.089  2452
33.099  2501
33.109  2544
33.119  2591
33.129  2620
33.139  2653
33.149  2665
33.159  2669
33.169  2671
33.179  2653
33.189  2646
33.199  2612
33.209  2597
33.219  2554
33.229  2528
33.239  2491
33.249  2464
33.259  2435
33.269  2411
33.279  2388
33.289  2355
33.299  2335
33.309  2298
33.319  2286
33.329  2257
33.339  2247
33.349  2214
33.359  2204
33.369  2177
33.379  2163
33.389  2146
33.399  2136
33.409  2134
33.419  2136
33.429  2142
33.439  2152
33.449  2157
33.459  2163
33.469  2169
33.479  2173
33.489  2173
33.499  2179
33.509  2181
33.519  2183
33.529  2189
33.539  2193
33.549  2200
33.559  2204
33.569  2206
33.579  2208
33.589  2208
33.599  2206
33.609  2198
33.619  2193
33.629  2187
33.639  2183
33.649  2173
33.659  2171
33.669  2167
33.679  2163
33.689  2159
33.699  2157
33.709  2155
33.719  2150
33.729  2150
33.739  2150
33.749  2148
33.759  2144
33.769  2142
33.779  2142
33.789  2138
33.799  2142
33.809  2140
33.819  2152
33.829  2155
33.839  2157
33.849  2157
33.859  2159
33.869  2161
33.879  2159
33.889  2157
33.899  2155
33.909  2150
33.919  2150
33.929  2148
33.939  2150
33.949  2155
33.959  2157
33.969  2163
33.979  2167
33.989  2189
33.999  2196
34.009  2232
34.019  2255
34.029  2312
34.039  2349
34.049  2409
34.059  2460
34.069  2505
34.079  2552
34.089  2579
34.099  2614
34.109  2626
34.119  2640
34.129  2648
34.139  2634
34.149  2628
34.159  2599
34.169  2587
34.179  2554
34.189  2532
34.199  2491
34.209  2462
34.219  2427
34.229  2394
34.239  2370
34.249  2337
34.259  2316
34.269  2288
34.279  2280
34.289  2247
34.299  2234
34.309  2202
34.319  2191
34.329  2169
34.339  2157
34.349  2146
34.359  2140
34.369  2140
34.379  2142
34.389  2146
34.399  2155
34.409  2159
34.419  2163
34.429  2167
34.439  2173
34.449  2175
34.459  2179
34.469  2181
34.479  2185
34.489  2187
34.499  2191
34.509  2193
34.519  2193
34.529  2198
34.539  2191
34.549  2189
34.559  2189
34.569  2189
34.579  2187
34.589  2183
34.599  2183
34.609  2171
34.619  2167
34.629  2159
34.639  2159
34.649  2157
34.659  2157
34.669  2159
34.679  2163
34.689  2161
34.699  2159
34.709  2157
34.719  2157
34.729  2155
34.739  2152
34.749  2148
34.759  2148
34.769  2150
34.779  2152
34.789  2148
34.799  2157
34.809  2159
34.819  2167
34.829  2167
34.839  2169
34.849  2169
34.859  2169
34.869  2169
34.879  2167
34.889  2171
34.899  2171
34.909  2173
34.919  2175
34.929  2191
34.939  2200
34.949  2236
34.959  2251
34.969  2308
34.979  2339
34.989  2402
34.999  2443
35.009  2495
35.019  2538
35.029  2571
35.039  2599
35.049  2618
35.059  2634
35.069  2638
35.079  2634
35.089  2632
35.099  2603
35.109  2591
35.119  2556
35.129  2538
35.139  2503
35.149  2480
35.159  2448
35.169  2423
35.179  2396
35.189  2368
35.199  2343
35.209  2316
35.219  2298
35.229  2269
35.239  2259
35.249  2232
35.259  2220
35.269  2193
35.279  2183
35.289  2165
35.299  2157
35.309  2142
35.319  2134
35.329  2136
35.339  2142
35.349  2146
35.359  2157
35.369  2165
35.379  2175
35.389  2179
35.399  2183
35.409  2187
35.419  2196
35.429  2200
35.439  2200
35.449  2200
35.459  2193
35.469  2191
35.479  2183
35.489  2177
35.499  2175
35.509  2171
35.519  2169
35.529  2171
35.539  2169
35.549  2171
35.559  2167
35.569  2165
35.579  2165
35.589  2159
35.599  2157
35.609  2152
35.619  2150
35.629  2150
35.639  2148
35.649  2150
35.659  2155
35.669  2159
35.679  2159
35.689  2161
35.699  2163
35.709  2161
35.719  2161
35.729  2163
35.739  2159
35.749  2159
35.759  2157
35.769  2157
35.779  2163
35.789  2161
35.799  2167
35.809  2173
35.819  2179
35.829  2183
35.839  2187
35.849  2189
35.859  2189
35.869  2191
35.879  2191
35.889  2193
35.899  2196
35.909  2202
35.919  2206
35.929  2234
35.939  2251
35.949  2294
35.959  2327
35.969  2384
35.979  2433
35.989  2480
35.999  2530
36.009  2560
36.019  2597
36.029  2614
36.039  2626
36.049  2634
36.059  2634
36.069  2634
36.079  2609
36.089  2599
36.099  2568
36.109  2552
36.119  2519
36.129  2495
36.139  2470
36.149  2443
36.159  2421
36.169  2388
36.179  2370
36.189  2333
36.199  2318
36.209  2282
36.219  2269
36.229  2236
36.239  2222
36.249  2200
36.259  2189
36.269  2173
36.279  2163
36.289  2152
36.299  2146
36.309  2144
36.319  2142
36.329  2144
36.339  2148
36.349  2150
36.359  2157
36.369  2159
36.379  2175
36.389  2179
36.399  2183
36.409  2185
36.419  2193
36.429  2200
36.439  2200
36.449  2200
36.459  2200
36.469  2198
36.479  2191
36.489  2187
36.499  2181
36.509  2179
36.519  2177
36.529  2177
36.539  2175
36.549  2175
36.559  2175
36.569  2175
36.579  2175
36.589  2169
36.599  2165
36.609  2165
36.619  2163
36.629  2161
36.639  2159
36.649  2157
36.659  2150
36.669  2150
36.679  2146
36.689  2144
36.699  2146
36.709  2148
36.719  2159
36.729  2159
36.739  2167
36.749  2167
36.759  2173
36.769  2173
36.779  2177
36.789  2175
36.799  2177
36.809  2179
36.819  2181
36.829  2187
36.839  2187
36.849  2187
36.859  2187
36.869  2189
36.879  2189
36.889  2187
36.899  2187
36.909  2191
36.919  2193
36.929  2206
36.939  2220
36.949  2241
36.959  2273
36.969  2306
36.979  2368
36.989  2394
36.999  2466
37.009  2495
37.019  2546
37.029  2568
37.039  2597
37.049  2612
37.059  2616
37.069  2618
37.079  2609
37.089  2603
37.099  2585
37.109  2568
37.119  2552
37.129  2523
37.139  2507
37.149  2468
37.159  2458
37.169  2415
37.179  2398
37.189  2355
37.199  2333
37.209  2302
37.219  2286
37.229  2261
37.239  2247
37.249  2230
37.259  2212
37.269  2198
37.279  2185
37.289  2175
37.299  2163
37.309  2157
37.319  2152
37.329  2150
37.339  2152
37.349  2155
37.359  2165
37.369  2173
37.379  2177
37.389  2181
37.399  2189
37.409  2189
37.419  2198
37.429  2200
37.439  2202
37.449  2206
37.459  2208
37.469  2208
37.479  2208
37.489  2204
37.499  2204
37.509  2193
37.519  2189
37.529  2189
37.539  2183
37.549  2179
37.559  2175
37.569  2173
37.579  2171
37.589  2167
37.599  2165
37.609  2165
37.619  2165
37.629  2163
37.639  2163
37.649  2163
37.659  2163
37.669  2163
37.679  2161
37.689  2163
37.699  2165
37.709  2165
37.719  2163
37.729  2163
37.739  2163
37.749  2163
37.759  2165
37.769  2167
37.779  2173
37.789  2173
37.799  2175
37.809  2179
37.819  2181
37.829  2181
37.839  2181
37.849  2189
37.859  2193
37.869  2198
37.879  2200
37.889  2200
37.899  2202
37.909  2202
37.919  2202
37.929  2200
37.939  2198
37.949  2198
37.959  2204
37.969  2206
37.979  2239
37.989  2253
37.999  2304
38.009  2329
38.019  2388
38.029  2429
38.039  2478
38.049  2517
38.059  2552
38.069  2585
38.079  2603
38.089  2618
38.099  2620
38.109  2609
38.119  2607
38.129  2581
38.139  2571
38.149  2538
38.159  2523
38.169  2491
38.179  2472
38.189  2437
38.199  2417
38.209  2386
38.219  2359
38.229  2335
38.239  2306
38.249  2292
38.259  2271
38.269  2263
38.279  2236
38.289  2226
38.299  2200
38.309  2189
38.319  2175
38.329  2167
38.339  2159
38.349  2159
38.359  2161
38.369  2163
38.379  2165
38.389  2167
38.399  2171
38.409  2177
38.419  2183
38.429  2193
38.439  2200
38.449  2208
38.459  2212
38.469  2216
38.479  2218
38.489  2216
38.499  2216
38.509  2206
38.519  2198
38.529  2191
38.539  2181
38.549  2177
38.559  2175
38.569  2175
38.579  2175
38.589  2175
38.599  2179
38.609  2181
38.619  2177
38.629  2175
38.639  2169
38.649  2165
38.659  2161
38.669  2157
38.679  2159
38.689  2161
38.699  2163
38.709  2163
38.719  2163
38.729  2163
38.739  2163
38.749  2163
38.759  2163
38.769  2167
38.779  2171
38.789  2169
38.799  2169
38.809  2173
38.819  2175
38.829  2175
38.839  2175
38.849  2171
38.859  2171
38.869  2171
38.879  2171
38.889  2171
38.899  2173
38.909  2175
38.919  2187
38.929  2191
38.939  2214
38.949  2222
38.959  2259
38.969  2282
38.979  2335
38.989  2370
38.999  2423
39.009  2462
39.019  2501
39.029  2542
39.039  2560
39.049  2585
39.059  2593
39.069  2597
39.079  2599
39.089  2579
39.099  2571
39.109  2542
39.119  2528
39.129  2497
39.139  2478
39.149  2446
39.159  2423
39.169  2396
39.179  2372
39.189  2349
39.199  2327
39.209  2310
39.219  2282
39.229  2271
39.239  2243
39.249  2234
39.259  2210
39.269  2200
39.279  2183
39.289  2175
39.299  2165
39.309  2159
39.319  2157
39.329  2157
39.339  2159
39.349  2159
39.359  2163
39.369  2171
39.379  2175
39.389  2189
39.399  2191
39.409  2206
39.419  2210
39.429  2214
39.439  2214
39.449  2214
39.459  2214
39.469  2212
39.479  2208
39.489  2204
39.499  2198
39.509  2193
39.519  2189
39.529  2189
39.539  2183
39.549  2183
39.559  2183
39.569  2181
39.579  2181
39.589  2181
39.599  2177
39.609  2175
39.619  2173
39.629  2171
39.639  2167
39.649  2165
39.659  2165
39.669  2167
39.679  2169
39.689  2171
39.699  2169
39.709  2167
39.719  2169
39.729  2173
39.739  2173
39.749  2175
39.759  2175
39.769  2173
39.779  2173
39.789  2167
39.799  2165
39.809  2167
39.819  2169
39.829  2169
39.839  2173
39.849  2177
39.859  2183
39.869  2185
39.879  2187
39.889  2189
39.899  2200
39.909  2204
39.919  2236
39.929  2251
39.939  2296
39.949  2327
39.959  2376
39.969  2419
39.979  2458
39.989  2499
39.999  2523
40.009  2556
40.019  2568
40.029  2583
40.039  2587
40.049  2585
40.059  2587
40.069  2568
40.079  2558
40.089  2525
40.099  2505
40.109  2472
40.119  2450
40.129  2421
40.139  2398
40.149  2376
40.159  2347
40.169  2329
40.179  2304
40.189  2292
40.199  2261
40.209  2253
40.219  2230
40.229  2220
40.239  2200
40.249  2187
40.259  2175
40.269  2167
40.279  2163
40.289  2159
40.299  2157
40.309  2157
40.319  2159
40.329  2161
40.339  2163
40.349  2171
40.359  2175
40.369  2181
40.379  2183
40.389  2187
40.399  2189
40.409  2191
40.419  2193
40.429  2193
40.439  2196
40.449  2196
40.459  2193
40.469  2196
40.479  2196
40.489  2193
40.499  2189
40.509  2189
40.519  2185
40.529  2181
40.539  2181
40.549  2181
40.559  2179
40.569  2175
40.579  2173
40.589  2171
40.599  2171
40.609  2169
40.619  2167
40.629  2163
40.639  2163
40.649  2159
40.659  2157
40.669  2157
40.679  2157
40.689  2161
40.699  2161
40.709  2159
40.719  2159
40.729  2161
40.739  2161
40.749  2165
40.759  2167
40.769  2171
40.779  2175
40.789  2175
40.799  2175
40.809  2177
40.819  2181
40.829  2181
40.839  2181
40.849  2181
40.859  2185
40.869  2187
40.879  2198
40.889  2204
40.899  2216
40.909  2224
40.919  2245
40.929  2265
40.939  2298
40.949  2337
40.959  2368
40.969  2421
40.979  2446
40.989  2503
40.999  2523
41.009  2560
41.019  2577
41.029  2593
41.039  2593
41.049  2591
41.059  2587
41.069  2575
41.079  2560
41.089  2538
41.099  2515
41.109  2493
41.119  2466
41.129  2446
41.139  2415
41.149  2402
41.159  2366
41.169  2351
41.179  2314
41.189  2302
41.199  2280
41.209  2265
41.219  2247
41.229  2234
41.239  2218
41.249  2202
41.259  2193
41.269  2181
41.279  2177
41.289  2167
41.299  2165
41.309  2163
41.319  2163
41.329  2167
41.339  2167
41.349  2173
41.359  2175
41.369  2181
41.379  2185
41.389  2193
41.399  2200
41.409  2200
41.419  2200
41.429  2204
41.439  2208
41.449  2206
41.459  2204
41.469  2202
41.479  2204
41.489  2200
41.499  2198
41.509  2198
41.519  2191
41.529  2191
41.539  2183
41.549  2183
41.559  2181
41.569  2177
41.579  2175
41.589  2175
41.599  2175
41.609  2171
41.619  2171
41.629  2169
41.639  2169
41.649  2167
41.659  2163
41.669  2163
41.679  2163
41.689  2167
41.699  2167
41.709  2175
41.719  2179
41.729  2183
41.739  2181
41.749  2181
41.759  2181
41.769  2183
41.779  2183
41.789  2181
41.799  2181
41.809  2181
41.819  2187
41.829  2187
41.839  2189
41.849  2189
41.859  2187
41.869  2189
41.879  2193
41.889  2200
41.899  2212
41.909  2230
41.919  2251
41.929  2290
41.939  2310
41.949  2370
41.959  2390
41.969  2452
41.979  2474
41.989  2515
41.999  2536
42.009  2556
42.019  2566
42.029  2568
42.039  2571
42.049  2564
42.059  2554
42.069  2538
42.079  2515
42.089  2501
42.099  2468
42.109  2454
42.119  2419
42.129  2405
42.139  2370
42.149  2351
42.159  2323
42.169  2308
42.179  2286
42.189  2273
42.199  2257
42.209  2243
42.219  2228
42.229  2210
42.239  2200
42.249  2183
42.259  2179
42.269  2173
42.279  2171
42.289  2167
42.299  2165
42.309  2167
42.319  2169
42.329  2171
42.339  2173
42.349  2183
42.359  2191
42.369  2200
42.379  2204
42.389  2208
42.399  2208
42.409  2208
42.419  2208
42.429  2208
42.439  2208
42.449  2208
42.459  2208
42.469  2208
42.479  2206
42.489  2200
42.499  2200
42.509  2202
42.519  2200
42.529  2198
42.539  2191
42.549  2185
42.559  2181
42.569  2177
42.579  2175
42.589  2171
42.599  2171
42.609  2171
42.619  2169
42.629  2169
42.639  2169
42.649  2169
42.659  2167
42.669  2169
42.679  2171
42.689  2173
42.699  2175
42.709  2175
42.719  2179
42.729  2183
42.739  2181
42.749  2181
42.759  2181
42.769  2183
42.779  2187
42.789  2187
42.799  2185
42.809  2183
42.819  2187
42.829  2191
42.839  2200
42.849  2210
42.859  2224
42.869  2243
42.879  2261
42.889  2298
42.899  2318
42.909  2376
42.919  2396
42.929  2454
42.939  2476
42.949  2511
42.959  2530
42.969  2546
42.979  2556
42.989  2552
42.999  2548
43.009  2536
43.019  2523
43.029  2511
43.039  2487
43.049  2474
43.059  2446
43.069  2435
43.079  2402
43.089  2390
43.099  2359
43.109  2345
43.119  2316
43.129  2302
43.139  2277
43.149  2261
43.159  2243
43.169  2224
43.179  2208
43.189  2191
43.199  2181
43.209  2169
43.219  2165
43.229  2165
43.239  2165
43.249  2163
43.259  2163
43.269  2167
43.279  2171
43.289  2177
43.299  2183
43.309  2193
43.319  2204
43.329  2210
43.339  2212
43.349  2212
43.359  2216
43.369  2214
43.379  2210
43.389  2210
43.399  2204
43.409  2202
43.419  2200
43.429  2200
43.439  2202
43.449  2204
43.459  2198
43.469  2193
43.479  2198
43.489  2196
43.499  2191
43.509  2191
43.519  2187
43.529  2185
43.539  2183
43.549  2181
43.559  2181
43.569  2183
43.579  2181
43.589  2177
43.599  2177
43.609  2173
43.619  2167
43.629  2167
43.639  2169
43.649  2173
43.659  2175
43.669  2175
43.679  2179
43.689  2183
43.699  2181
43.709  2181
43.719  2181
43.729  2181
43.739  2181
43.749  2181
43.759  2187
43.769  2191
43.779  2210
43.789  2220
43.799  2245
43.809  2273
43.819  2312
43.829  2357
43.839  2388
43.849  2435
43.859  2456
43.869  2499
43.879  2511
43.889  2534
43.899  2542
43.909  2538
43.919  2536
43.929  2517
43.939  2507
43.949  2484
43.959  2466
43.969  2443
43.979  2421
43.989  2407
43.999  2384
44.009  2370
44.019  2341
44.029  2331
44.039  2298
44.049  2286
44.059  2267
44.069  2257
44.079  2239
44.089  2226
44.099  2212
44.109  2202
44.119  2187
44.129  2175
44.139  2171
44.149  2167
44.159  2165
44.169  2163
44.179  2165
44.189  2171
44.199  2175
44.209  2183
44.219  2187
44.229  2193
44.239  2200
44.249  2204
44.259  2206
44.269  2210
44.279  2214
44.289  2214
44.299  2214
44.309  2212
44.319  2214
44.329  2214
44.339  2210
44.349  2208
44.359  2208
44.369  2208
44.379  2204
44.389  2202
44.399  2196
44.409  2191
44.419  2189
44.429  2187
44.439  2189
44.449  2189
44.459  2187
44.469  2183
44.479  2181
44.489  2177
44.499  2177
44.509  2175
44.519  2175
44.529  2175
44.539  2175
44.549  2175
44.559  2175
44.569  2175
44.579  2175
44.589  2177
44.599  2181
44.609  2181
44.619  2181
44.629  2181
44.639  2181
44.649  2181
44.659  2183
44.669  2183
44.679  2193
44.689  2200
44.699  2226
44.709  2241
44.719  2282
44.729  2304
44.739  2355
44.749  2390
44.759  2427
44.769  2462
44.779  2487
44.789  2503
44.799  2511
44.809  2521
44.819  2525
44.829  2515
44.839  2509
44.849  2493
44.859  2487
44.869  2462
44.879  2450
44.889  2425
44.899  2411
44.909  2388
44.919  2370
44.929  2345
44.939  2325
44.949  2308
44.959  2286
44.969  2273
44.979  2253
44.989  2245
44.999  2226
45.009  2218
45.019  2200
45.029  2193
45.039  2187
45.049  2183
45.059  2181
45.069  2181
45.079  2183
45.089  2181
45.099  2183
45.109  2187
45.119  2189
45.129  2196
45.139  2202
45.149  2210
45.159  2212
45.169  2214
45.179  2214
45.189  2210
45.199  2208
45.209  2208
45.219  2208
45.229  2208
45.239  2208
45.249  2208
45.259  2208
45.269  2208
45.279  2204
45.289  2200
45.299  2200
45.309  2196
45.319  2196
45.329  2193
45.339  2191
45.349  2189
45.359  2185
45.369  2183
45.379  2179
45.389  2177
45.399  2179
45.409  2179
45.419  2181
45.429  2183
45.439  2183
45.449  2181
45.459  2181
45.469  2183
45.479  2181
45.489  2181
45.499  2181
45.509  2181
45.519  2181
45.529  2183
45.539  2181
45.549  2185
45.559  2187
45.569  2189
45.579  2193
45.589  2196
45.599  2193
45.609  2196
45.619  2204
45.629  2206
45.639  2228
45.649  2236
45.659  2273
45.669  2290
45.679  2335
45.689  2362
45.699  2402
45.709  2433
45.719  2460
45.729  2482
45.739  2497
45.749  2511
45.759  2519
45.769  2519
45.779  2519
45.789  2503
45.799  2499
45.809  2472
45.819  2462
45.829  2437
45.839  2423
45.849  2400
45.859  2386
45.869  2368
45.879  2353
45.889  2335
45.899  2314
45.909  2302
45.919  2277
45.929  2265
45.939  2251
45.949  2245
45.959  2224
45.969  2214
45.979  2200
45.989  2191
45.999  2187
46.009  2183
46.019  2181
46.029  2181
46.039  2185
46.049  2187
46.059  2189
46.069  2200
46.079  2202
46.089  2206
46.099  2206
46.109  2210
46.119  2214
46.129  2214
46.139  2214
46.149  2214
46.159  2214
46.169  2214
46.179  2214
46.189  2214
46.199  2214
46.209  2216
46.219  2214
46.229  2212
46.239  2210
46.249  2208
46.259  2204
46.269  2200
46.279  2198
46.289  2198
46.299  2191
46.309  2189
46.319  2185
46.329  2183
46.339  2183
46.349  2185
46.359  2189
46.369  2189
46.379  2185
46.389  2183
46.399  2183
46.409  2187
46.419  2187
46.429  2187
46.439  2187
46.449  2187
46.459  2189
46.469  2189
46.479  2187
46.489  2187
46.499  2189
46.509  2191
46.519  2193
46.529  2198
46.539  2200
46.549  2202
46.559  2202
46.569  2202
46.579  2206
46.589  2208
46.599  2216
46.609  2216
46.619  2245
46.629  2259
46.639  2298
46.649  2323
46.659  2366
46.669  2398
46.679  2433
46.689  2462
46.699  2487
46.709  2509
46.719  2517
46.729  2519
46.739  2519
46.749  2513
46.759  2509
46.769  2487
46.779  2480
46.789  2450
46.799  2433
46.809  2405
46.819  2386
46.829  2364
46.839  2351
46.849  2335
46.859  2318
46.869  2308
46.879  2290
46.889  2280
46.899  2259
46.909  2251
46.919  2232
46.929  2224
46.939  2208
46.949  2200
46.959  2193
46.969  2189
46.979  2185
46.989  2183
46.999  2187
47.009  2191
47.019  2196
47.029  2200
47.039  2204
47.049  2208
47.059  2212
47.069  2218
47.079  2220
47.089  2220
47.099  2220
47.109  2216
47.119  2216
47.129  2214
47.139  2214
47.149  2212
47.159  2210
47.169  2206
47.179  2204
47.189  2202
47.199  2202
47.209  2202
47.219  2206
47.229  2208
47.239  2208
47.249  2206
47.259  2204
47.269  2204
47.279  2193
47.289  2185
47.299  2183
47.309  2183
47.319  2181
47.329  2181
47.339  2181
47.349  2177
47.359  2177
47.369  2179
47.379  2181
47.389  2183
47.399  2181
47.409  2183
47.419  2187
47.429  2191
47.439  2193
47.449  2193
47.459  2193
47.469  2196
47.479  2196
47.489  2196
47.499  2196
47.509  2198
47.519  2200
47.529  2202
47.539  2206
47.549  2208
47.559  2222
47.569  2228
47.579  2257
47.589  2273
47.599  2312
47.609  2337
47.619  2378
47.629  2411
47.639  2448
47.649  2482
47.659  2503
47.669  2521
47.679  2530
47.689  2532
47.699  2534
47.709  2511
47.719  2505
47.729  2476
47.739  2464
47.749  2437
47.759  2423
47.769  2400
47.779  2388
47.789  2364
47.799  2341
47.809  2325
47.819  2308
47.829  2296
47.839  2275
47.849  2269
47.859  2247
47.869  2236
47.879  2224
47.889  2218
47.899  2204
47.909  2198
47.919  2193
47.929  2189
47.939  2191
47.949  2193
47.959  2196
47.969  2196
47.979  2198
47.989  2200
47.999  2204
48.009  2206
48.019  2206
48.029  2208
48.039  2210
48.049  2212
48.059  2214
48.069  2222
48.079  2224
48.089  2226
48.099  2226
48.109  2224
48.119  2224
48.129  2216
48.139  2210
48.149  2208
48.159  2204
48.169  2200
48.179  2198
48.189  2198
48.199  2193
48.209  2189
48.219  2189
48.229  2189
48.239  2185
48.249  2183
48.259  2181
48.269  2181
48.279  2185
48.289  2187
48.299  2187
48.309  2189
48.319  2189
48.329  2187
48.339  2187
48.349  2181
48.359  2177
48.369  2175
48.379  2175
48.389  2179
48.399  2181
48.409  2183
48.419  2187
48.429  2187
48.439  2187
48.449  2189
48.459  2191
48.469  2200
48.479  2204
48.489  2208
48.499  2239
48.509  2249
48.519  2296
48.529  2314
48.539  2370
48.549  2396
48.559  2437
48.569  2460
48.579  2489
48.589  2509
48.599  2523
48.609  2534
48.619  2536
48.629  2532
48.639  2521
48.649  2501
48.659  2493
48.669  2462
48.679  2450
48.689  2413
48.699  2400
48.709  2372
48.719  2359
48.729  2335
48.739  2321
48.749  2300
48.759  2282
48.769  2267
48.779  2251
48.789  2241
48.799  2222
48.809  2216
48.819  2200
48.829  2191
48.839  2181
48.849  2177
48.859  2173
48.869  2171
48.879  2169
48.889  2169
48.899  2177
48.909  2183
48.919  2189
48.929  2198
48.939  2204
48.949  2210
48.959  2212
48.969  2214
48.979  2216
48.989  2214
48.999  2214
49.009  2214
49.019  2214
49.029  2208
49.039  2204
49.049  2204
49.059  2202
49.069  2202
49.079  2202
49.089  2202
49.099  2200
49.109  2200
49.119  2202
49.129  2202
49.139  2198
49.149  2196
49.159  2187
49.169  2183
49.179  2179
49.189  2177
49.199  2173
49.209  2171
49.219  2169
49.229  2169
49.239  2171
49.249  2173
49.259  2175
49.269  2179
49.279  2183
49.289  2187
49.299  2187
49.309  2183
49.319  2183
49.329  2187
49.339  2187
49.349  2185
49.359  2183
49.369  2183
49.379  2181
49.389  2185
49.399  2187
49.409  2191
49.419  2198
49.429  2202
49.439  2210
49.449  2216
49.459  2241
49.469  2249
49.479  2292
49.489  2308
49.499  2366
49.509  2394
49.519  2446
49.529  2478
49.539  2507
49.549  2528
49.559  2546
49.569  2558
49.579  2566
49.589  2568
49.599  2566
49.609  2552
49.619  2546
49.629  2511
49.639  2503
49.649  2478
49.659  2460
49.669  2431
49.679  2415
49.689  2384
49.699  2368
49.709  2345
49.719  2323
49.729  2304
49.739  2286
49.749  2269
49.759  2253
49.769  2245
49.779  2222
49.789  2212
49.799  2196
49.809  2185
49.819  2175
49.829  2175
49.839  2167
49.849  2165
49.859  2167
49.869  2167
49.879  2175
49.889  2183
49.899  2189
49.909  2200
49.919  2202
49.929  2208
49.939  2212
49.949  2218
49.959  2220
49.969  2220
49.979  2214
49.989  2210
49.999  2208
50.009  2208
50.019  2208
50.029  2208
50.039  2210
50.049  2208
50.059  2204
50.069  2200
50.079  2193
50.089  2189
50.099  2185
50.109  2183
50.119  2177
50.129  2177
50.139  2171
50.149  2165
50.159  2163
50.169  2163
50.179  2163
50.189  2163
50.199  2167
50.209  2173
50.219  2177
50.229  2179
50.239  2181
50.249  2181
50.259  2183
50.269  2177
50.279  2175
50.289  2177
50.299  2175
50.309  2175
50.319  2175
50.329  2179
50.339  2181
50.349  2181
50.359  2181
50.369  2183
50.379  2187
50.389  2187
50.399  2198
50.409  2204
50.419  2236
50.429  2247
50.439  2298
50.449  2318
50.459  2380
50.469  2413
50.479  2468
50.489  2503
50.499  2538
50.509  2564
50.519  2579
50.529  2587
50.539  2589
50.549  2581
50.559  2577
50.569  2554
50.579  2544
50.589  2513
50.599  2501
50.609  2464
50.619  2446
50.629  2411
50.639  2394
50.649  2368
50.659  2347
50.669  2323
50.679  2298
50.689  2282
50.699  2263
50.709  2249
50.719  2232
50.729  2224
50.739  2200
50.749  2193
50.759  2179
50.769  2173
50.779  2163
50.789  2159
50.799  2159
50.809  2157
50.819  2161
50.829  2167
50.839  2173
50.849  2177
50.859  2181
50.869  2187
50.879  2189
50.889  2187
50.899  2187
50.909  2187
50.919  2189
50.929  2191
50.939  2193
50.949  2202
50.959  2206
50.969  2204
50.979  2202
50.989  2200
50.999  2196
51.009  2191
51.019  2189
51.029  2189
51.039  2183
51.049  2181
51.059  2177
51.069  2177
51.079  2175
51.089  2175
51.099  2173
51.109  2171
51.119  2173
51.129  2173
51.139  2175
51.149  2175
51.159  2173
51.169  2171
51.179  2169
51.189  2167
51.199  2163
51.209  2163
51.219  2163
51.229  2163
51.239  2163
51.249  2167
51.259  2167
51.269  2173
51.279  2175
51.289  2177
51.299  2181
51.309  2183
51.319  2185
51.329  2187
51.339  2193
51.349  2200
51.359  2216
51.369  2224
51.379  2265
51.389  2277
51.399  2337
51.409  2364
51.419  2423
51.429  2452
51.439  2497
51.449  2525
51.459  2550
51.469  2566
51.479  2577
51.489  2583
51.499  2579
51.509  2566
51.519  2556
51.529  2532
51.539  2519
51.549  2474
51.559  2460
51.569  2419
51.579  2400
51.589  2368
51.599  2349
51.609  2321
51.619  2302
51.629  2282
51.639  2265
51.649  2247
51.659  2226
51.669  2214
51.679  2193
51.689  2185
51.699  2175
51.709  2171
51.719  2163
51.729  2159
51.739  2157
51.749  2157
51.759  2157
51.769  2155
51.779  2159
51.789  2161
51.799  2169
51.809  2177
51.819  2183
51.829  2189
51.839  2196
51.849  2200
51.859  2200
51.869  2200
51.879  2202
51.889  2202
51.899  2200
51.909  2204
51.919  2202
51.929  2200
51.939  2196
51.949  2196
51.959  2196
51.969  2193
51.979  2189
51.989  2187
51.999  2179
52.009  2177
52.019  2175
52.029  2175
52.039  2173
52.049  2171
52.059  2167
52.069  2165
52.079  2159
52.089  2157
52.099  2155
52.109  2157
52.119  2159
52.129  2161
52.139  2165
52.149  2167
52.159  2169
52.169  2169
52.179  2169
52.189  2171
52.199  2169
52.209  2173
52.219  2175
52.229  2179
52.239  2181
52.249  2187
52.259  2193
52.269  2208
52.279  2224
52.289  2253
52.299  2290
52.309  2318
52.319  2376
52.329  2400
52.339  2460
52.349  2482
52.359  2532
52.369  2554
52.379  2581
52.389  2591
52.399  2599
52.409  2603
52.419  2593
52.429  2579
52.439  2560
52.449  2536
52.459  2513
52.469  2482
52.479  2464
52.489  2429
52.499  2417
52.509  2380
52.519  2364
52.529  2329
52.539  2308
52.549  2282
52.559  2269
52.569  2247
52.579  2230
52.589  2212
52.599  2198
52.609  2187
52.619  2175
52.629  2169
52.639  2167
52.649  2163
52.659  2159
52.669  2157
52.679  2161
52.689  2161
52.699  2165
52.709  2167
52.719  2175
52.729  2179
52.739  2185
52.749  2191
52.759  2196
52.769  2200
52.779  2200
52.789  2202
52.799  2202
52.809  2198
52.819  2196
52.829  2191
52.839  2189
52.849  2185
52.859  2181
52.869  2185
52.879  2187
52.889  2187
52.899  2181
52.909  2179
52.919  2177
52.929  2175
52.939  2171
52.949  2171
52.959  2167
52.969  2165
52.979  2163
52.989  2163
52.999  2163
53.009  2161
53.019  2161
53.029  2165
53.039  2161
53.049  2157
53.059  2157
53.069  2157
53.079  2159
53.089  2161
53.099  2167
53.109  2173
53.119  2175
53.129  2183
53.139  2187
53.149  2189
53.159  2187
53.169  2187
53.179  2189
53.189  2191
53.199  2193
53.209  2208
53.219  2220
53.229  2245
53.239  2275
53.249  2310
53.259  2362
53.269  2394
53.279  2458
53.289  2482
53.299  2544
53.309  2566
53.319  2601
53.329  2616
53.339  2626
53.349  2630
53.359  2616
53.369  2605
53.379  2581
53.389  2560
53.399  2532
53.409  2501
53.419  2476
53.429  2443
53.439  2425
53.449  2390
53.459  2378
53.469  2343
53.479  2327
53.489  2288
53.499  2269
53.509  2241
53.519  2224
53.529  2206
53.539  2191
53.549  2179
53.559  2169
53.569  2163
53.579  2159
53.589  2157
53.599  2150
53.609  2148
53.619  2152
53.629  2157
53.639  2163
53.649  2167
53.659  2179
53.669  2185
53.679  2187
53.689  2187
53.699  2189
53.709  2193
53.719  2198
53.729  2200
53.739  2202
53.749  2206
53.759  2208
53.769  2204
53.779  2202
53.789  2202
53.799  2202
53.809  2193
53.819  2189
53.829  2183
53.839  2177
53.849  2173
53.859  2171
53.869  2169
53.879  2169
53.889  2169
53.899  2169
53.909  2171
53.919  2171
53.929  2167
53.939  2165
53.949  2165
53.959  2163
53.969  2163
53.979  2159
53.989  2159
53.999  2159
54.009  2157
54.019  2159
54.029  2161
54.039  2167
54.049  2173
54.059  2175
54.069  2183
54.079  2187
54.089  2183
54.099  2181
54.109  2183
54.119  2183
54.129  2181
54.139  2181
54.149  2191
54.159  2200
54.169  2224
54.179  2247
54.189  2286
54.199  2329
54.209  2370
54.219  2429
54.229  2462
54.239  2521
54.249  2542
54.259  2591
54.269  2607
54.279  2626
54.289  2634
54.299  2630
54.309  2628
54.319  2603
54.329  2589
54.339  2562
54.349  2542
54.359  2515
54.369  2487
54.379  2462
54.389  2425
54.399  2405
54.409  2364
54.419  2347
54.429  2300
54.439  2282
54.449  2255
54.459  2241
54.469  2218
54.479  2204
54.489  2187
54.499  2175
54.509  2161
54.519  2150
54.529  2144
54.539  2138
54.549  2138
54.559  2146
54.569  2148
54.579  2159
54.589  2167
54.599  2177
54.609  2181
54.619  2187
54.629  2191
54.639  2200
54.649  2206
54.659  2208
54.669  2212
54.679  2212
54.689  2210
54.699  2206
54.709  2204
54.719  2204
54.729  2198
54.739  2193
54.749  2191
54.759  2191
54.769  2181
54.779  2177
54.789  2173
54.799  2171
54.809  2167
54.819  2165
54.829  2165
54.839  2169
54.849  2167
54.859  2165
54.869  2163
54.879  2165
54.889  2161
54.899  2161
54.909  2163
54.919  2163
54.929  2163
54.939  2163
54.949  2163
54.959  2161
54.969  2159
54.979  2159
54.989  2161
54.999  2165
55.009  2167
55.019  2169
55.029  2173
55.039  2175
55.049  2179
55.059  2181
55.069  2202
55.079  2210
55.089  2243
55.099  2263
55.109  2316
55.119  2351
55.129  2411
55.139  2456
55.149  2501
55.159  2542
55.169  2568
55.179  2601
55.189  2614
55.199  2618
55.209  2624
55.219  2601
55.229  2591
55.239  2556
55.249  2542
55.259  2507
55.269  2487
55.279  2452
55.289  2429
55.299  2398
55.309  2372
55.319  2345
55.329  2314
55.339  2298
55.349  2269
55.359  2255
55.369  2230
55.379  2220
55.389  2191
55.399  2181
55.409  2157
55.419  2144
55.429  2136
55.439  2132
55.449  2134
55.459  2134
55.469  2142
55.479  2146
55.489  2150
55.499  2159
55.509  2163
55.519  2171
55.529  2175
55.539  2175
55.549  2175
55.559  2179
55.569  2181
55.579  2181
55.589  2181
55.599  2185
55.609  2187
55.619  2189
55.629  2193
55.639  2196
55.649  2196
55.659  2191
55.669  2191
55.679  2189
55.689  2179
55.699  2177
55.709  2173
55.719  2171
55.729  2167
55.739  2163
55.749  2161
55.759  2159
55.769  2152
55.779  2152
55.789  2150
55.799  2150
55.809  2150
55.819  2155
55.829  2157
55.839  2163
55.849  2163
55.859  2159
55.869  2163
55.879  2169
55.889  2167
55.899  2169
55.909  2173
55.919  2165
55.929  2163
55.939  2167
55.949  2161
55.959  2163
55.969  2165
55.979  2167
55.989  2181
55.999  2191
56.009  2232
56.019  2251
56.029  2323
56.039  2345
56.049  2421
56.059  2456
56.069  2511
56.079  2546
56.089  2587
56.099  2614
56.109  2630
56.119  2644
56.129  2644
56.139  2646
56.149  2644
56.159  2618
56.169  2607
56.179  2568
56.189  2554
56.199  2511
56.209  2493
56.219  2450
56.229  2425
56.239  2388
56.249  2364
56.259  2335
56.269  2306
56.279  2284
56.289  2261
56.299  2247
56.309  2220
56.319  2210
56.329  2189
56.339  2181
56.349  2161
56.359  2155
56.369  2136
56.379  2128
56.389  2122
56.399  2118
56.409  2126
56.419  2132
56.429  2142
56.439  2155
56.449  2165
56.459  2175
56.469  2181
56.479  2185
56.489  2187
56.499  2187
56.509  2187
56.519  2187
56.529  2187
56.539  2189
56.549  2189
56.559  2187
56.569  2187
56.579  2185
56.589  2183
56.599  2179
56.609  2175
56.619  2175
56.629  2167
56.639  2163
56.649  2155
56.659  2150
56.669  2146
56.679  2144
56.689  2142
56.699  2142
56.709  2146
56.719  2148
56.729  2148
56.739  2150
56.749  2152
56.759  2155
56.769  2157
56.779  2161
56.789  2163
56.799  2161
56.809  2163
56.819  2163
56.829  2163
56.839  2163
56.849  2163
56.859  2163
56.869  2163
56.879  2167
56.889  2167
56.899  2171
56.909  2175
56.919  2183
56.929  2200
56.939  2214
56.949  2255
56.959  2275
56.969  2351
56.979  2374
56.989  2452
56.999  2484
57.009  2544
57.019  2575
57.029  2612
57.039  2634
57.049  2644
57.059  2653
57.069  2653
57.079  2648
57.089  2634
57.099  2612
57.109  2597
57.119  2556
57.129  2542
57.139  2487
57.149  2468
57.159  2419
57.169  2396
57.179  2351
57.189  2327
57.199  2294
57.209  2273
57.219  2251
57.229  2232
57.239  2212
57.249  2193
57.259  2183
57.269  2167
57.279  2159
57.289  2148
57.299  2144
57.309  2140
57.319  2138
57.329  2138
57.339  2138
57.349  2140
57.359  2142
57.369  2150
57.379  2159
57.389  2167
57.399  2175
57.409  2183
57.419  2191
57.429  2193
57.439  2193
57.449  2196
57.459  2196
57.469  2196
57.479  2191
57.489  2189
57.499  2181
57.509  2177
57.519  2173
57.529  2173
57.539  2167
57.549  2163
57.559  2161
57.569  2159
57.579  2159
57.589  2157
57.599  2157
57.609  2157
57.619  2157
57.629  2157
57.639  2157
57.649  2159
57.659  2157
57.669  2159
57.679  2161
57.689  2157
57.699  2150
57.709  2148
57.719  2146
57.729  2148
57.739  2152
57.749  2157
57.759  2161
57.769  2163
57.779  2163
57.789  2163
57.799  2159
57.809  2159
57.819  2161
57.829  2161
57.839  2167
57.849  2175
57.859  2196
57.869  2218
57.879  2253
57.889  2300
57.899  2335
57.909  2405
57.919  2433
57.929  2513
57.939  2544
57.949  2603
57.959  2630
57.969  2657
57.979  2665
57.989  2663
57.999  2659
58.009  2640
58.019  2624
58.029  2593
58.039  2558
58.049  2532
58.059  2495
58.069  2478
58.079  2437
58.089  2425
58.099  2374
58.109  2355
58.119  2306
58.129  2286
58.139  2253
58.149  2239
58.159  2210
58.169  2191
58.179  2173
58.189  2155
58.199  2142
58.209  2134
58.219  2132
58.229  2126
58.239  2124
58.249  2132
58.259  2134
58.269  2148
58.279  2155
58.289  2163
58.299  2167
58.309  2171
58.319  2175
58.329  2177
58.339  2179
58.349  2185
58.359  2191
58.369  2193
58.379  2193
58.389  2196
58.399  2191
58.409  2189
58.419  2179
58.429  2177
58.439  2173
58.449  2171
58.459  2167
58.469  2167
58.479  2163
58.489  2161
58.499  2163
58.509  2163
58.519  2161
58.529  2157
58.539  2157
58.549  2159
58.559  2157
58.569  2150
58.579  2150
58.589  2150
58.599  2150
58.609  2148
58.619  2150
58.629  2150
58.639  2148
58.649  2150
58.659  2155
58.669  2159
58.679  2161
58.689  2161
58.699  2163
58.709  2163
58.719  2165
58.729  2163
58.739  2171
58.749  2173
58.759  2193
58.769  2202
58.779  2236
58.789  2259
58.799  2318
58.809  2364
58.819  2423
58.829  2476
58.839  2517
58.849  2564
58.859  2589
58.869  2626
58.879  2638
58.889  2644
58.899  2648
58.909  2634
58.919  2628
58.929  2593
58.939  2577
58.949  2540
58.959  2515
58.969  2482
58.979  2452
58.989  2425
58.999  2396
59.009  2370
59.019  2337
59.029  2321
59.039  2282
59.049  2267
59.059  2230
59.069  2216
59.079  2189
59.089  2175
59.099  2155
59.109  2142
59.119  2132
59.129  2122
59.139  2120
59.149  2122
59.159  2128
59.169  2134
59.179  2136
59.189  2144
59.199  2148
59.209  2157
59.219  2161
59.229  2169
59.239  2173
59.249  2175
59.259  2175
59.269  2177
59.279  2181
59.289  2179
59.299  2175
59.309  2175
59.319  2175
59.329  2175
59.339  2171
59.349  2171
59.359  2171
59.369  2169
59.379  2165
59.389  2165
59.399  2159
59.409  2159
59.419  2157
59.429  2157
59.439  2155
59.449  2150
59.459  2144
59.469  2142
59.479  2138
59.489  2136
59.499  2138
59.509  2142
59.519  2142
59.529  2148
59.539  2148
59.549  2155
59.559  2155
59.569  2159
59.579  2161
59.589  2161
59.599  2161
59.609  2163
59.619  2163
59.629  2161
59.639  2163
59.649  2167
59.659  2177
59.669  2183
59.679  2216
59.689  2226
59.699  2288
59.709  2310
59.719  2388
59.729  2423
59.739  2491
59.749  2530
59.759  2577
59.769  2614
59.779  2632
59.789  2648
59.799  2650
59.809  2646
59.819  2638
59.829  2612
59.839  2603
59.849  2564
59.859  2550
59.869  2501
59.879  2480
59.889  2441
59.899  2421
59.909  2386
59.919  2364
59.929  2335
59.939  2310
59.949  2288
59.959  2261
59.969  2243
59.979  2216
59.989  2204
59.999  2177
60.009  2169
60.019  2152
60.029  2146
60.039  2140
60.049  2138
60.059  2132
60.069  2132
60.079  2130
60.089  2130
60.099  2134
60.109  2140
60.119  2148
60.129  2159
60.139  2161
60.149  2167
60.159  2169
60.169  2173
60.179  2173
60.189  2179
60.199  2181
60.209  2183
60.219  2187
60.229  2183
60.239  2183
60.249  2179
60.259  2175
60.269  2175
60.279  2171
60.289  2167
60.299  2165
60.309  2163
60.319  2159
60.329  2157
60.339  2152
60.349  2150
60.359  2142
60.369  2138
60.379  2140
60.389  2142
60.399  2144
60.409  2146
60.419  2146
60.429  2144
60.439  2144
60.449  2142
60.459  2142
60.469  2142
60.479  2142
60.489  2146
60.499  2148
60.509  2155
60.519  2155
60.529  2159
60.539  2161
60.549  2169
60.559  2171
60.569  2175
60.579  2181
60.589  2189
60.599  2202
60.609  2214
60.619  2241
60.629  2255
60.639  2304
60.649  2321
60.659  2396
60.669  2425
60.679  2495
60.689  2528
60.699  2568
60.709  2593
60.719  2603
60.729  2614
60.739  2609
60.749  2603
60.759  2589
60.769  2566
60.779  2552
60.789  2519
60.799  2507
60.809  2466
60.819  2452
60.829  2407
60.839  2386
60.849  2355
60.859  2339
60.869  2314
60.879  2296
60.889  2271
60.899  2253
60.909  2232
60.919  2214
60.929  2198
60.939  2175
60.949  2167
