SubjID Series Run Trial  StimID Correct RTime difficulty stim reldiff valence valid Spec1 Spec2 Spec3

000974039052    1    1   65    1  1501704    1    527    4    7    1   50    1      1    210     35
000974039052    1    1   65    2  2341804    1    720    4    8    1   34    2      1    211    229
000974039052    1    1   65    3  2521704    1    704    4    7    1   52    2      1    212     76
000974039052    1    1   65    4  1505708    1    904    8    7    5   50    1      5    213    158
000974039052    1    1   65    5  1253806    1    497    6    8    3   25    1      3    214    231
000974039052    1    1   65    6  1553706    1    625    6    7    3   55    1      3    215    227
000974039052    1    1   65    7  1315808    1    905    8    8    5   31    1      5    216    112
000974039052    1    1   65    8  2533706    1    754    6    7    3   53    2      3    217    200
000974039052    1    1   65    9  2193806    1    594    6    8    3   19    2      3    218    117
000974039052    1    1   65   10  1455708    0    635    8    7    5   45    1      5    219    125
000974039052    1    1   65   11  2255808    1    675    8    8    5   25    2      5    220    170
000974039052    1    1   65   12  2473706    1    596    6    7    3   47    2      3    221    178
000974039052    1    1   65   13  1173806    0   1124    6    8    3   17    1      3    222    202
000974039052    1    1   65   14  1531704    1    492    4    7    1   53    1      1    223    185
000974039052    1    1   65   15  2251804    1    621    4    8    1   25    2      1    224    195
000974039052    1    1   65   16  2525708    1    653    8    7    5   52    2      5    225    212
000974039052    1    1   65   17  1215808    0    709    8    8    5   21    1      5    226    149
000974039052    1    1   65   18  1251804    0    910    4    8    1   25    1      1    227    159
000974039052    1    1   65   19  2245808    1    671    8    8    5   24    2      5    228    131
000974039052    1    1   65   20  1525708    0    927    8    7    5   52    1      5    229    238
000974039052    1    1   65   21  1241804    1    551    4    8    1   24    1      1    230    181
000974039052    1    1   65   22  2493706    1    640    6    7    3   49    2      3    231    164
000974039052    1    1   65   23  2271804    1    680    4    8    1   27    2      1    232     63
000974039052    1    1   65   24  2481704    1    696    4    7    1   48    2      1    233    197
000974039052    1    1   65   25  1233806    1    561    6    8    3   23    1      3    234    138
000974039052    1    1   65   26  1473706    1    585    6    7    3   47    1      3    235    239
000974039052    1    1   65   27  2255808    1    650    8    8    5   25    2      5    236    119
000974039052    1    1   65   28  2495708    1    674    8    7    5   49    2      5    237     48
000974039052    1    1   65   29  1571704    1    763    4    7    1   57    1      1    238    213
000974039052    1    1   65   30  2333806    1    747    6    8    3   33    2      3    239    232
