-0.001  2686
0.009  2688
0.019  2690
0.029  2692
0.039  2695
0.049  2695
0.059  2701
0.069  2703
0.079  2705
0.089  2707
0.099  2705
0.109  2707
0.119  2707
0.129  2709
0.139  2709
0.149  2707
0.159  2707
0.169  2707
0.179  2709
0.189  2705
0.199  2703
0.209  2705
0.219  2707
0.229  2707
0.239  2705
0.249  2707
0.259  2711
0.269  2711
0.279  2711
0.289  2713
0.299  2713
0.309  2717
0.319  2717
0.329  2717
0.339  2719
0.349  2719
0.359  2721
0.369  2721
0.379  2717
0.389  2717
0.399  2715
0.409  2715
0.419  2715
0.429  2715
0.439  2717
0.449  2719
0.459  2721
0.469  2725
0.479  2725
0.489  2729
0.499  2731
0.509  2733
0.519  2738
0.529  2742
0.539  2746
0.549  2742
0.559  2744
0.569  2744
0.579  2746
0.589  2742
0.599  2740
0.609  2740
0.619  2740
0.629  2740
0.639  2740
0.649  2738
0.659  2738
0.669  2738
0.679  2740
0.689  2742
0.699  2742
0.709  2744
0.719  2744
0.729  2742
0.739  2742
0.749  2740
0.759  2740
0.769  2740
0.779  2738
0.789  2740
0.799  2738
0.809  2740
0.819  2740
0.829  2738
0.839  2738
0.849  2736
0.859  2738
0.869  2738
0.879  2736
0.889  2738
0.899  2736
0.909  2736
0.919  2733
0.929  2731
0.939  2731
0.949  2729
0.959  2731
0.969  2729
0.979  2727
0.989  2727
0.999  2723
1.009  2725
1.019  2725
1.029  2721
1.039  2719
1.049  2715
1.059  2713
1.069  2713
1.079  2709
1.089  2709
1.099  2707
1.109  2707
1.119  2707
1.129  2701
1.139  2703
1.149  2699
1.159  2701
1.169  2697
1.179  2697
1.189  2697
1.199  2695
1.209  2692
1.219  2692
1.229  2707
1.239  2707
1.249  2705
1.259  2709
1.269  2707
1.279  2705
1.289  2705
1.299  2701
1.309  2701
1.319  2701
1.329  2699
1.339  2697
1.349  2692
1.359  2697
1.369  2697
1.379  2690
1.389  2690
1.399  2690
1.409  2688
1.419  2688
1.429  2686
1.439  2684
1.449  2682
1.459  2682
1.469  2682
1.479  2680
1.489  2680
1.499  2676
1.509  2676
1.519  2672
1.529  2662
1.539  2660
1.549  2658
1.559  2658
1.569  2660
1.579  2658
1.589  2656
1.599  2651
1.609  2651
1.619  2649
1.629  2649
1.639  2647
1.649  2647
1.659  2645
1.669  2645
1.679  2643
1.689  2641
1.699  2639
1.709  2637
1.719  2637
1.729  2635
1.739  2635
1.749  2635
1.759  2635
1.769  2635
1.779  2633
1.789  2635
1.799  2631
1.809  2631
1.819  2631
1.829  2629
1.839  2631
1.849  2627
1.859  2627
1.869  2627
1.879  2627
1.889  2627
1.899  2625
1.909  2625
1.919  2627
1.929  2625
1.939  2623
1.949  2621
1.959  2621
1.969  2619
1.979  2619
1.989  2619
1.999  2617
2.009  2619
2.019  2617
2.029  2617
2.039  2617
2.049  2615
2.059  2615
2.069  2615
2.079  2615
2.089  2617
2.099  2615
2.109  2617
2.119  2617
2.129  2615
2.139  2615
2.149  2611
2.159  2613
2.169  2613
2.179  2613
2.189  2615
2.199  2608
2.209  2611
2.219  2606
2.229  2604
2.239  2604
2.249  2602
2.259  2604
2.269  2600
2.279  2600
2.289  2600
2.299  2598
2.309  2598
2.319  2596
2.329  2594
2.339  2596
2.349  2594
2.359  2594
2.369  2594
2.379  2592
2.389  2594
2.399  2594
2.409  2594
2.419  2592
2.429  2590
2.439  2594
2.449  2590
2.459  2592
2.469  2590
2.479  2588
2.489  2588
2.499  2586
2.509  2586
2.519  2586
2.529  2584
2.539  2586
2.549  2584
2.559  2586
2.569  2584
2.579  2582
2.589  2584
2.599  2582
2.609  2584
2.619  2582
2.629  2582
2.639  2584
2.649  2582
2.659  2582
2.669  2582
2.679  2582
2.689  2582
2.699  2582
2.709  2582
2.719  2582
2.729  2580
2.739  2582
2.749  2580
2.759  2580
2.769  2578
2.779  2580
2.789  2580
2.799  2578
2.809  2580
2.819  2576
2.829  2578
2.839  2578
2.849  2578
2.859  2578
2.869  2578
2.879  2578
2.889  2580
2.899  2576
2.909  2578
2.919  2578
2.929  2578
2.939  2580
2.949  2578
2.959  2580
2.969  2578
2.979  2578
2.989  2578
2.999  2578
3.009  2578
3.019  2578
3.029  2576
3.039  2578
3.049  2576
3.059  2578
3.069  2576
3.079  2576
3.089  2576
3.099  2576
3.109  2578
3.119  2576
3.129  2576
3.139  2576
3.149  2576
3.159  2576
3.169  2574
3.179  2576
3.189  2576
3.199  2576
3.209  2576
3.219  2576
3.229  2576
3.239  2576
3.249  2576
3.259  2576
3.269  2572
3.279  2574
3.289  2574
3.299  2572
3.309  2574
3.319  2570
3.329  2574
3.339  2572
3.349  2570
3.359  2572
3.369  2572
3.379  2572
3.389  2572
3.399  2572
3.409  2572
3.419  2572
3.429  2574
3.439  2574
3.449  2574
3.459  2572
3.469  2572
3.479  2574
3.489  2574
3.499  2572
3.509  2574
3.519  2572
3.529  2574
3.539  2572
3.549  2572
3.559  2574
3.569  2572
3.579  2572
3.589  2572
3.599  2572
3.609  2574
3.619  2572
3.629  2576
3.639  2572
3.649  2572
3.659  2572
3.669  2572
3.679  2574
3.689  2574
3.699  2574
3.709  2574
3.719  2576
3.729  2576
3.739  2576
3.749  2576
3.759  2578
3.769  2578
3.779  2578
3.789  2578
3.799  2578
3.809  2582
3.819  2582
3.829  2584
3.839  2584
3.849  2586
3.859  2588
3.869  2588
3.879  2584
3.889  2586
3.899  2588
3.909  2594
3.919  2594
3.929  2598
3.939  2592
3.949  2590
3.959  2592
3.969  2594
3.979  2598
3.989  2596
3.999  2598
4.009  2600
4.019  2598
4.029  2600
4.039  2602
4.049  2602
4.059  2604
4.069  2606
4.079  2606
4.089  2608
4.099  2611
4.109  2611
4.119  2611
4.129  2615
4.139  2613
4.149  2613
4.159  2617
4.169  2619
4.179  2621
4.189  2621
4.199  2623
4.209  2627
4.219  2627
4.229  2631
4.239  2633
4.249  2635
4.259  2637
4.269  2637
4.279  2639
4.289  2639
4.299  2641
4.309  2643
4.319  2645
4.329  2645
4.339  2643
4.349  2647
4.359  2649
4.369  2649
4.379  2651
4.389  2649
4.399  2651
4.409  2651
4.419  2651
4.429  2654
4.439  2654
4.449  2660
4.459  2664
4.469  2666
4.479  2668
4.489  2668
4.499  2672
4.509  2672
4.519  2672
4.529  2670
4.539  2668
4.549  2668
4.559  2670
4.569  2670
4.579  2672
4.589  2672
4.599  2674
4.609  2676
4.619  2680
4.629  2686
4.639  2686
4.649  2695
4.659  2697
4.669  2699
4.679  2707
4.689  2705
4.699  2709
4.709  2703
4.719  2703
4.729  2705
4.739  2703
4.749  2705
4.759  2705
4.769  2705
4.779  2707
4.789  2705
4.799  2707
4.809  2707
4.819  2709
4.829  2713
4.839  2709
4.849  2713
4.859  2713
4.869  2719
4.879  2719
4.889  2717
4.899  2719
4.909  2717
4.919  2719
4.929  2719
4.939  2719
4.949  2721
4.959  2721
4.969  2721
4.979  2723
4.989  2723
4.999  2723
5.009  2723
5.019  2723
5.029  2725
5.039  2723
5.049  2725
5.059  2725
5.069  2723
5.079  2725
5.089  2723
5.099  2725
5.109  2723
5.119  2723
5.129  2725
5.139  2723
5.149  2725
5.159  2725
5.169  2725
5.179  2725
5.189  2725
5.199  2729
5.209  2727
5.219  2727
5.229  2729
5.239  2729
5.249  2731
5.259  2731
5.269  2729
5.279  2731
5.289  2731
5.299  2733
5.309  2731
5.319  2731
5.329  2733
5.339  2731
5.349  2733
5.359  2731
5.369  2731
5.379  2733
5.389  2731
5.399  2731
5.409  2731
5.419  2731
5.429  2736
5.439  2731
5.449  2736
5.459  2733
5.469  2733
5.479  2733
5.489  2731
5.499  2731
5.509  2733
5.519  2731
5.529  2733
5.539  2733
5.549  2738
5.559  2740
5.569  2744
5.579  2750
5.589  2748
5.599  2750
5.609  2752
5.619  2752
5.629  2754
5.639  2750
5.649  2752
5.659  2750
5.669  2750
5.679  2748
5.689  2748
5.699  2750
5.709  2748
5.719  2748
5.729  2748
5.739  2748
5.749  2748
5.759  2748
5.769  2748
5.779  2750
5.789  2750
5.799  2752
5.809  2752
5.819  2754
5.829  2752
5.839  2750
5.849  2752
5.859  2750
5.869  2750
5.879  2752
5.889  2750
5.899  2752
5.909  2750
5.919  2750
5.929  2750
5.939  2750
5.949  2750
5.959  2750
5.969  2750
5.979  2750
5.989  2750
5.999  2750
6.009  2750
6.019  2750
6.029  2750
6.039  2750
6.049  2750
6.059  2750
6.069  2750
6.079  2750
6.089  2748
6.099  2750
6.109  2750
6.119  2750
6.129  2750
6.139  2746
6.149  2748
6.159  2748
6.169  2746
6.179  2746
6.189  2742
6.199  2742
6.209  2742
6.219  2740
6.229  2742
6.239  2738
6.249  2740
6.259  2738
6.269  2736
6.279  2733
6.289  2731
6.299  2731
6.309  2731
6.319  2727
6.329  2725
6.339  2723
6.349  2719
6.359  2713
6.369  2707
6.379  2703
6.389  2697
6.399  2699
6.409  2699
6.419  2701
6.429  2701
6.439  2713
6.449  2713
6.459  2717
6.469  2717
6.479  2715
6.489  2715
6.499  2715
6.509  2713
6.519  2711
6.529  2711
6.539  2707
6.549  2703
6.559  2703
6.569  2701
6.579  2699
6.589  2699
6.599  2697
6.609  2697
6.619  2695
6.629  2697
6.639  2692
6.649  2690
6.659  2690
6.669  2690
6.679  2690
6.689  2688
6.699  2688
6.709  2686
6.719  2684
6.729  2684
6.739  2680
6.749  2682
6.759  2680
6.769  2680
6.779  2678
6.789  2676
6.799  2676
6.809  2674
6.819  2670
6.829  2670
6.839  2668
6.849  2666
6.859  2654
6.869  2651
6.879  2649
6.889  2647
6.899  2647
6.909  2641
6.919  2641
6.929  2639
6.939  2639
6.949  2637
6.959  2637
6.969  2637
6.979  2635
6.989  2633
6.999  2635
7.009  2633
7.019  2633
7.029  2635
7.039  2633
7.049  2635
7.059  2635
7.069  2633
7.079  2633
7.089  2631
7.099  2631
7.109  2631
7.119  2627
7.129  2629
7.139  2627
7.149  2627
7.159  2627
7.169  2625
7.179  2627
7.189  2623
7.199  2623
7.209  2623
7.219  2621
7.229  2619
7.239  2619
7.249  2619
7.259  2619
7.269  2617
7.279  2617
7.289  2615
7.299  2619
7.309  2617
7.319  2615
7.329  2619
7.339  2615
7.349  2619
7.359  2617
7.369  2615
7.379  2617
7.389  2615
7.399  2615
7.409  2615
7.419  2613
7.429  2615
7.439  2611
7.449  2613
7.459  2611
7.469  2608
7.479  2608
7.489  2608
7.499  2608
7.509  2606
7.519  2604
7.529  2604
7.539  2606
7.549  2606
7.559  2606
7.569  2604
7.579  2604
7.589  2602
7.599  2604
7.609  2604
7.619  2602
7.629  2602
7.639  2604
7.649  2604
7.659  2602
7.669  2602
7.679  2602
7.689  2600
7.699  2602
7.709  2600
7.719  2600
7.729  2600
7.739  2598
7.749  2598
7.759  2596
7.769  2596
7.779  2594
7.789  2592
7.799  2592
7.809  2592
7.819  2594
7.829  2594
7.839  2590
7.849  2590
7.859  2592
7.869  2590
7.879  2592
7.889  2590
7.899  2590
7.909  2590
7.919  2590
7.929  2590
7.939  2590
7.949  2590
7.959  2590
7.969  2588
7.979  2588
7.989  2586
7.999  2586
8.009  2586
8.019  2586
8.029  2584
8.039  2582
8.049  2582
8.059  2584
8.069  2584
8.079  2584
8.089  2582
8.099  2582
8.109  2582
8.119  2582
8.129  2584
8.139  2582
8.149  2584
8.159  2584
8.169  2584
8.179  2586
8.189  2584
8.199  2584
8.209  2586
8.219  2584
8.229  2586
8.239  2584
8.249  2584
8.259  2586
8.269  2584
8.279  2584
8.289  2584
8.299  2584
8.309  2584
8.319  2584
8.329  2584
8.339  2584
8.349  2584
8.359  2588
8.369  2586
8.379  2586
8.389  2588
8.399  2588
8.409  2588
8.419  2590
8.429  2592
8.439  2592
8.449  2594
8.459  2596
8.469  2596
8.479  2600
8.489  2598
8.499  2600
8.509  2600
8.519  2600
8.529  2600
8.539  2602
8.549  2602
8.559  2604
8.569  2600
8.579  2604
8.589  2604
8.599  2598
8.609  2598
8.619  2596
8.629  2598
8.639  2600
8.649  2596
8.659  2598
8.669  2598
8.679  2602
8.689  2602
8.699  2602
8.709  2602
8.719  2602
8.729  2604
8.739  2608
8.749  2608
8.759  2611
8.769  2615
8.779  2617
8.789  2617
8.799  2619
8.809  2623
8.819  2625
8.829  2627
8.839  2631
8.849  2633
8.859  2633
8.869  2631
8.879  2635
8.889  2635
8.899  2635
8.909  2639
8.919  2641
8.929  2643
8.939  2643
8.949  2641
8.959  2647
8.969  2645
8.979  2649
8.989  2649
8.999  2649
9.009  2649
9.019  2649
9.029  2649
9.039  2649
9.049  2649
9.059  2651
9.069  2651
9.079  2654
9.089  2651
9.099  2654
9.109  2662
9.119  2666
9.129  2670
9.139  2676
9.149  2678
9.159  2682
9.169  2684
9.179  2686
9.189  2686
9.199  2686
9.209  2688
9.219  2686
9.229  2686
9.239  2686
9.249  2688
9.259  2686
9.269  2688
9.279  2692
9.289  2690
9.299  2692
9.309  2695
9.319  2692
9.329  2697
9.339  2697
9.349  2701
9.359  2703
9.369  2703
9.379  2707
9.389  2703
9.399  2703
9.409  2703
9.419  2703
9.429  2705
9.439  2701
9.449  2701
9.459  2701
9.469  2701
9.479  2703
9.489  2703
9.499  2705
9.509  2703
9.519  2703
9.529  2707
9.539  2707
9.549  2707
9.559  2709
9.569  2707
9.579  2709
9.589  2707
9.599  2709
9.609  2709
9.619  2709
9.629  2709
9.639  2709
9.649  2709
9.659  2709
9.669  2709
9.679  2709
9.689  2709
9.699  2711
9.709  2711
9.719  2713
9.729  2713
9.739  2711
9.749  2713
9.759  2713
9.769  2713
9.779  2713
9.789  2711
9.799  2713
9.809  2713
9.819  2715
9.829  2715
9.839  2719
9.849  2721
9.859  2721
9.869  2723
9.879  2723
9.889  2723
9.899  2725
9.909  2725
9.919  2725
9.929  2727
9.939  2725
9.949  2727
9.959  2725
9.969  2725
9.979  2727
9.989  2725
9.999  2727
10.009  2727
10.019  2727
10.029  2729
10.039  2729
10.049  2733
10.059  2740
10.069  2740
10.079  2742
10.089  2742
10.099  2746
10.109  2746
10.119  2746
10.129  2748
10.139  2746
10.149  2746
10.159  2746
10.169  2746
10.179  2746
10.189  2744
10.199  2746
10.209  2746
10.219  2744
10.229  2746
10.239  2744
10.249  2746
10.259  2746
10.269  2746
10.279  2748
10.289  2746
10.299  2750
10.309  2748
10.319  2748
10.329  2750
10.339  2746
10.349  2746
10.359  2746
10.369  2744
10.379  2746
10.389  2744
10.399  2746
10.409  2746
10.419  2744
10.429  2746
10.439  2744
10.449  2746
10.459  2746
10.469  2744
10.479  2746
10.489  2744
10.499  2746
10.509  2748
10.519  2742
10.529  2746
10.539  2742
10.549  2746
10.559  2746
10.569  2742
10.579  2744
10.589  2742
10.599  2746
10.609  2744
10.619  2742
10.629  2744
10.639  2742
10.649  2744
10.659  2742
10.669  2740
10.679  2742
10.689  2742
10.699  2742
10.709  2742
10.719  2742
10.729  2742
10.739  2740
10.749  2744
10.759  2742
10.769  2740
10.779  2742
10.789  2740
10.799  2742
10.809  2740
10.819  2740
10.829  2742
10.839  2738
10.849  2740
10.859  2740
10.869  2738
10.879  2738
10.889  2736
10.899  2736
10.909  2731
10.919  2729
10.929  2727
10.939  2725
10.949  2725
10.959  2725
10.969  2725
10.979  2725
10.989  2725
10.999  2729
11.009  2727
11.019  2729
11.029  2731
11.039  2727
11.049  2729
11.059  2729
11.069  2727
11.079  2727
11.089  2721
11.099  2721
11.109  2717
11.119  2717
11.129  2713
11.139  2709
11.149  2707
11.159  2701
11.169  2699
11.179  2697
11.189  2695
11.199  2695
11.209  2695
11.219  2692
11.229  2692
11.239  2688
11.249  2684
11.259  2688
11.269  2684
11.279  2684
11.289  2686
11.299  2692
11.309  2692
11.319  2688
11.329  2688
11.339  2686
11.349  2686
11.359  2684
11.369  2682
11.379  2682
11.389  2678
11.399  2676
11.409  2676
11.419  2674
11.429  2672
11.439  2680
11.449  2680
11.459  2678
11.469  2676
11.479  2676
11.489  2674
11.499  2678
11.509  2674
11.519  2674
11.529  2674
11.539  2676
11.549  2674
11.559  2674
11.569  2674
11.579  2674
11.589  2670
11.599  2672
11.609  2668
11.619  2668
11.629  2664
11.639  2662
11.649  2664
11.659  2649
11.669  2649
11.679  2649
11.689  2647
11.699  2647
11.709  2643
11.719  2645
11.729  2643
11.739  2643
11.749  2641
11.759  2639
11.769  2641
11.779  2639
11.789  2639
11.799  2635
11.809  2633
11.819  2633
11.829  2633
11.839  2629
11.849  2629
11.859  2627
11.869  2627
11.879  2627
11.889  2627
11.899  2629
11.909  2627
11.919  2627
11.929  2627
11.939  2627
11.949  2627
11.959  2625
11.969  2627
11.979  2627
11.989  2625
11.999  2625
12.009  2623
12.019  2623
12.029  2621
12.039  2621
12.049  2621
12.059  2619
12.069  2619
12.079  2619
12.089  2619
12.099  2621
12.109  2617
12.119  2619
12.129  2619
12.139  2617
12.149  2619
12.159  2617
12.169  2619
12.179  2619
12.189  2615
12.199  2617
12.209  2615
12.219  2615
12.229  2615
12.239  2615
12.249  2615
12.259  2613
12.269  2613
12.279  2611
12.289  2611
12.299  2611
12.309  2611
12.319  2611
12.329  2611
12.339  2611
12.349  2611
12.359  2608
12.369  2611
12.379  2611
12.389  2608
12.399  2608
12.409  2608
12.419  2608
12.429  2606
12.439  2604
12.449  2606
12.459  2604
12.469  2604
12.479  2604
12.489  2602
12.499  2604
12.509  2602
12.519  2604
12.529  2602
12.539  2602
12.549  2604
12.559  2602
12.569  2604
12.579  2602
12.589  2602
12.599  2602
12.609  2600
12.619  2602
12.629  2600
12.639  2600
12.649  2600
12.659  2600
12.669  2600
12.679  2598
12.689  2596
12.699  2600
12.709  2598
12.719  2598
12.729  2598
12.739  2598
12.749  2598
12.759  2596
12.769  2598
12.779  2598
12.789  2596
12.799  2598
12.809  2598
12.819  2598
12.829  2596
12.839  2600
12.849  2600
12.859  2598
12.869  2600
12.879  2600
12.889  2598
12.899  2598
12.909  2596
12.919  2598
12.929  2598
12.939  2598
12.949  2598
12.959  2594
12.969  2598
12.979  2596
12.989  2596
12.999  2598
13.009  2594
13.019  2598
13.029  2594
13.039  2594
13.049  2594
13.059  2594
13.069  2594
13.079  2594
13.089  2592
13.099  2592
13.109  2590
13.119  2592
13.129  2592
13.139  2592
13.149  2594
13.159  2590
13.169  2592
13.179  2590
13.189  2588
13.199  2592
13.209  2590
13.219  2590
13.229  2588
13.239  2588
13.249  2586
13.259  2586
13.269  2586
13.279  2586
13.289  2586
13.299  2586
13.309  2586
13.319  2584
13.329  2584
13.339  2586
13.349  2586
13.359  2586
13.369  2586
13.379  2586
13.389  2584
13.399  2586
13.409  2584
13.419  2586
13.429  2586
13.439  2586
13.449  2588
13.459  2584
13.469  2586
13.479  2586
13.489  2586
13.499  2586
13.509  2584
13.519  2586
13.529  2586
13.539  2586
13.549  2586
13.559  2586
13.569  2588
13.579  2588
13.589  2588
13.599  2588
13.609  2588
13.619  2590
13.629  2588
13.639  2590
13.649  2592
13.659  2590
13.669  2590
13.679  2592
13.689  2590
13.699  2592
13.709  2592
13.719  2594
13.729  2592
13.739  2594
13.749  2598
13.759  2598
13.769  2602
13.779  2602
13.789  2600
13.799  2602
13.809  2600
13.819  2602
13.829  2602
13.839  2600
13.849  2604
13.859  2604
13.869  2608
13.879  2615
13.889  2617
13.899  2619
13.909  2619
13.919  2611
13.929  2604
13.939  2602
13.949  2604
13.959  2604
13.969  2606
13.979  2606
13.989  2606
13.999  2608
14.009  2608
14.019  2608
14.029  2608
14.039  2606
14.049  2611
14.059  2611
14.069  2619
14.079  2619
14.089  2621
14.099  2625
14.109  2627
14.119  2631
14.129  2633
14.139  2633
14.149  2635
14.159  2635
14.169  2639
14.179  2639
14.189  2639
14.199  2641
14.209  2641
14.219  2643
14.229  2643
14.239  2643
14.249  2645
14.259  2645
14.269  2649
14.279  2647
14.289  2649
14.299  2651
14.309  2649
14.319  2654
14.329  2654
14.339  2656
14.349  2660
14.359  2660
14.369  2664
14.379  2666
14.389  2666
14.399  2668
14.409  2668
14.419  2670
14.429  2670
14.439  2674
14.449  2676
14.459  2682
14.469  2684
14.479  2684
14.489  2686
14.499  2688
14.509  2688
14.519  2692
14.529  2697
14.539  2701
14.549  2701
14.559  2701
14.569  2705
14.579  2703
14.589  2701
14.599  2699
14.609  2697
14.619  2699
14.629  2699
14.639  2699
14.649  2699
14.659  2697
14.669  2699
14.679  2701
14.689  2703
14.699  2713
14.709  2715
14.719  2717
14.729  2717
14.739  2719
14.749  2719
14.759  2719
14.769  2721
14.779  2721
14.789  2719
14.799  2719
14.809  2717
14.819  2719
14.829  2719
14.839  2721
14.849  2719
14.859  2717
14.869  2721
14.879  2723
14.889  2723
14.899  2723
14.909  2721
14.919  2725
14.929  2725
14.939  2729
14.949  2727
14.959  2725
14.969  2727
14.979  2725
14.989  2727
14.999  2727
15.009  2729
15.019  2727
15.029  2729
15.039  2729
15.049  2729
15.059  2729
15.069  2729
15.079  2729
15.089  2729
15.099  2729
15.109  2727
15.119  2729
15.129  2727
15.139  2729
15.149  2729
15.159  2727
15.169  2727
15.179  2729
15.189  2729
15.199  2729
15.209  2729
15.219  2731
15.229  2731
15.239  2729
15.249  2731
15.259  2731
15.269  2731
15.279  2731
15.289  2733
15.299  2733
15.309  2731
15.319  2731
15.329  2731
15.339  2731
15.349  2733
15.359  2731
15.369  2733
15.379  2733
15.389  2731
15.399  2736
15.409  2731
15.419  2731
15.429  2733
15.439  2733
15.449  2733
15.459  2731
15.469  2731
15.479  2731
15.489  2731
15.499  2733
15.509  2729
15.519  2731
15.529  2731
15.539  2733
15.549  2731
15.559  2731
15.569  2736
15.579  2733
15.589  2736
15.599  2738
15.609  2736
15.619  2740
15.629  2742
15.639  2744
15.649  2746
15.659  2746
15.669  2752
15.679  2754
15.689  2754
15.699  2756
15.709  2754
15.719  2756
15.729  2754
15.739  2754
15.749  2754
15.759  2752
15.769  2754
15.779  2754
15.789  2754
15.799  2754
15.809  2752
15.819  2752
15.829  2752
15.839  2752
15.849  2752
15.859  2752
15.869  2752
15.879  2750
15.889  2750
15.899  2750
15.909  2746
15.919  2748
15.929  2746
15.939  2746
15.949  2748
15.959  2744
15.969  2744
15.979  2740
15.989  2740
15.999  2738
16.009  2736
16.019  2736
16.029  2731
16.039  2729
16.049  2729
16.059  2723
16.069  2725
16.079  2719
16.089  2713
16.099  2711
16.109  2703
16.119  2703
16.129  2701
16.139  2697
16.149  2697
16.159  2692
16.169  2695
16.179  2692
16.189  2692
16.199  2690
16.209  2686
16.219  2688
16.229  2686
16.239  2688
16.249  2686
16.259  2684
16.269  2684
16.279  2682
16.289  2684
16.299  2682
16.309  2676
16.319  2674
16.329  2674
16.339  2670
16.349  2668
16.359  2664
16.369  2662
16.379  2662
16.389  2660
16.399  2662
16.409  2672
16.419  2672
16.429  2670
16.439  2670
16.449  2668
16.459  2666
16.469  2666
16.479  2664
16.489  2662
16.499  2662
16.509  2660
16.519  2664
16.529  2660
16.539  2664
16.549  2666
16.559  2664
16.569  2666
16.579  2664
16.589  2660
16.599  2649
16.609  2649
16.619  2647
16.629  2645
16.639  2643
16.649  2639
16.659  2631
16.669  2631
16.679  2631
16.689  2629
16.699  2631
16.709  2627
16.719  2627
16.729  2627
16.739  2627
16.749  2627
16.759  2625
16.769  2627
16.779  2627
16.789  2627
16.799  2627
16.809  2623
16.819  2623
16.829  2623
16.839  2621
16.849  2623
16.859  2619
16.869  2621
16.879  2621
16.889  2619
16.899  2619
16.909  2617
16.919  2619
16.929  2617
16.939  2617
16.949  2615
16.959  2615
16.969  2615
16.979  2617
16.989  2613
16.999  2613
17.009  2611
17.019  2611
17.029  2611
17.039  2611
17.049  2611
17.059  2608
17.069  2611
17.079  2611
17.089  2608
17.099  2608
17.109  2608
17.119  2611
17.129  2611
17.139  2608
17.149  2611
17.159  2606
17.169  2608
17.179  2606
17.189  2604
17.199  2606
17.209  2604
17.219  2606
17.229  2606
17.239  2604
17.249  2604
17.259  2602
17.269  2604
17.279  2604
17.289  2602
17.299  2602
17.309  2604
17.319  2602
17.329  2602
17.339  2602
17.349  2600
17.359  2598
17.369  2600
17.379  2598
17.389  2598
17.399  2598
17.409  2598
17.419  2598
17.429  2600
17.439  2598
17.449  2602
17.459  2598
17.469  2600
17.479  2600
17.489  2598
17.499  2600
17.509  2596
17.519  2598
17.529  2598
17.539  2598
17.549  2598
17.559  2596
17.569  2598
17.579  2596
17.589  2598
17.599  2598
17.609  2594
17.619  2598
17.629  2598
17.639  2594
17.649  2598
17.659  2594
17.669  2596
17.679  2594
17.689  2594
17.699  2594
17.709  2590
17.719  2588
17.729  2586
17.739  2586
17.749  2588
17.759  2586
17.769  2586
17.779  2586
17.789  2584
17.799  2586
17.809  2584
17.819  2586
17.829  2586
17.839  2584
17.849  2588
17.859  2586
17.869  2586
17.879  2586
17.889  2586
17.899  2586
17.909  2584
17.919  2586
17.929  2590
17.939  2588
17.949  2590
17.959  2588
17.969  2590
17.979  2588
17.989  2588
17.999  2590
18.009  2590
18.019  2590
18.029  2592
18.039  2594
18.049  2596
18.059  2594
18.069  2596
18.079  2600
18.089  2600
18.099  2602
18.109  2602
18.119  2608
18.129  2600
18.139  2602
18.149  2604
18.159  2602
18.169  2604
18.179  2598
18.189  2600
18.199  2600
18.209  2600
18.219  2600
18.229  2602
18.239  2602
18.249  2602
18.259  2600
18.269  2602
18.279  2602
18.289  2604
18.299  2608
18.309  2608
18.319  2611
18.329  2615
18.339  2617
18.349  2619
18.359  2625
18.369  2627
18.379  2631
18.389  2633
18.399  2635
18.409  2639
18.419  2643
18.429  2643
18.439  2645
18.449  2647
18.459  2645
18.469  2647
18.479  2649
18.489  2647
18.499  2649
18.509  2649
18.519  2654
18.529  2658
18.539  2660
18.549  2662
18.559  2662
18.569  2666
18.579  2672
18.589  2674
18.599  2682
18.609  2684
18.619  2686
18.629  2690
18.639  2692
18.649  2695
18.659  2695
18.669  2697
18.679  2699
18.689  2697
18.699  2701
18.709  2703
18.719  2703
18.729  2707
18.739  2705
18.749  2707
18.759  2707
18.769  2707
18.779  2709
18.789  2707
18.799  2711
18.809  2709
18.819  2709
18.829  2707
18.839  2705
18.849  2707
18.859  2705
18.869  2705
18.879  2707
18.889  2707
18.899  2707
18.909  2707
18.919  2707
18.929  2709
18.939  2707
18.949  2709
18.959  2709
18.969  2709
18.979  2711
18.989  2709
18.999  2713
19.009  2711
19.019  2717
19.029  2719
19.039  2719
19.049  2721
19.059  2721
19.069  2719
19.079  2721
19.089  2719
19.099  2721
19.109  2721
19.119  2719
19.129  2725
19.139  2721
19.149  2725
19.159  2725
19.169  2721
19.179  2727
19.189  2725
19.199  2725
19.209  2725
19.219  2725
19.229  2725
19.239  2723
19.249  2725
19.259  2725
19.269  2727
19.279  2725
19.289  2729
19.299  2731
19.309  2733
19.319  2733
19.329  2738
19.339  2736
19.349  2742
19.359  2744
19.369  2746
19.379  2748
19.389  2748
19.399  2750
19.409  2750
19.419  2746
19.429  2748
19.439  2748
19.449  2748
19.459  2750
19.469  2748
19.479  2750
19.489  2750
19.499  2750
19.509  2752
19.519  2750
19.529  2750
19.539  2750
19.549  2750
19.559  2752
19.569  2750
19.579  2752
19.589  2750
19.599  2750
19.609  2750
19.619  2750
19.629  2752
19.639  2750
19.649  2750
19.659  2752
19.669  2750
19.679  2752
19.689  2752
19.699  2750
19.709  2752
19.719  2752
19.729  2752
19.739  2752
19.749  2750
19.759  2752
19.769  2750
19.779  2752
19.789  2750
19.799  2750
19.809  2750
19.819  2750
19.829  2750
19.839  2750
19.849  2750
19.859  2750
19.869  2748
19.879  2750
19.889  2750
19.899  2750
19.909  2750
19.919  2748
19.929  2750
19.939  2752
19.949  2750
19.959  2750
19.969  2750
19.979  2750
19.989  2750
19.999  2748
20.009  2750
20.019  2748
20.029  2750
20.039  2750
20.049  2748
20.059  2750
20.069  2750
20.079  2748
20.089  2750
20.099  2748
20.109  2748
20.119  2750
20.129  2748
20.139  2750
20.149  2746
20.159  2750
20.169  2748
20.179  2748
20.189  2750
20.199  2742
20.209  2742
20.219  2742
20.229  2740
20.239  2742
20.249  2740
20.259  2742
20.269  2740
20.279  2738
20.289  2740
20.299  2740
20.309  2746
20.319  2744
20.329  2742
20.339  2746
20.349  2742
20.359  2744
20.369  2744
20.379  2742
20.389  2740
20.399  2736
20.409  2736
20.419  2736
20.429  2733
20.439  2731
20.449  2731
20.459  2731
20.469  2729
20.479  2725
20.489  2725
20.499  2723
20.509  2719
20.519  2717
20.529  2717
20.539  2715
20.549  2711
20.559  2709
20.569  2703
20.579  2697
20.589  2697
20.599  2692
20.609  2697
20.619  2692
20.629  2690
20.639  2695
20.649  2688
20.659  2690
20.669  2690
20.679  2684
20.689  2684
20.699  2684
20.709  2682
20.719  2680
20.729  2678
20.739  2678
20.749  2676
20.759  2670
20.769  2670
20.779  2664
20.789  2664
20.799  2660
20.809  2662
20.819  2660
20.829  2660
20.839  2660
20.849  2658
20.859  2658
20.869  2658
20.879  2654
20.889  2666
20.899  2660
20.909  2660
20.919  2662
20.929  2660
20.939  2660
20.949  2656
20.959  2654
20.969  2654
20.979  2651
20.989  2654
20.999  2651
21.009  2649
21.019  2649
21.029  2649
21.039  2649
21.049  2637
21.059  2635
21.069  2635
21.079  2635
21.089  2639
21.099  2637
21.109  2637
21.119  2637
21.129  2633
21.139  2633
21.149  2633
21.159  2631
21.169  2631
21.179  2629
21.189  2629
21.199  2631
21.209  2627
21.219  2627
21.229  2625
21.239  2627
21.249  2627
21.259  2627
21.269  2627
21.279  2625
21.289  2627
21.299  2627
21.309  2625
21.319  2627
21.329  2621
21.339  2623
21.349  2623
21.359  2623
21.369  2621
21.379  2619
21.389  2621
21.399  2621
21.409  2619
21.419  2619
21.429  2619
21.439  2619
21.449  2619
21.459  2619
21.469  2617
21.479  2619
21.489  2619
21.499  2617
21.509  2617
21.519  2617
21.529  2615
21.539  2615
21.549  2615
21.559  2617
21.569  2615
21.579  2615
21.589  2615
21.599  2615
21.609  2613
21.619  2613
21.629  2611
21.639  2613
21.649  2613
21.659  2611
21.669  2611
21.679  2611
21.689  2611
21.699  2608
21.709  2606
21.719  2608
21.729  2608
21.739  2608
21.749  2608
21.759  2606
21.769  2608
21.779  2606
21.789  2608
21.799  2606
21.809  2606
21.819  2606
21.829  2606
21.839  2604
21.849  2604
21.859  2602
21.869  2602
21.879  2600
21.889  2600
21.899  2600
21.909  2598
21.919  2600
21.929  2598
21.939  2598
21.949  2598
21.959  2596
21.969  2598
21.979  2598
21.989  2598
21.999  2600
22.009  2596
22.019  2598
22.029  2598
22.039  2598
22.049  2600
22.059  2598
22.069  2602
22.079  2600
22.089  2602
22.099  2602
22.109  2600
22.119  2602
22.129  2606
22.139  2606
22.149  2608
22.159  2611
22.169  2617
22.179  2625
22.189  2629
22.199  2627
22.209  2623
22.219  2623
22.229  2623
22.239  2625
22.249  2625
22.259  2623
22.269  2627
22.279  2617
22.289  2617
22.299  2617
22.309  2615
22.319  2619
22.329  2619
22.339  2621
22.349  2623
22.359  2625
22.369  2627
22.379  2631
22.389  2633
22.399  2635
22.409  2635
22.419  2637
22.429  2639
22.439  2643
22.449  2645
22.459  2647
22.469  2649
22.479  2649
22.489  2649
22.499  2654
22.509  2654
22.519  2660
22.529  2658
22.539  2660
22.549  2666
22.559  2668
22.569  2670
22.579  2670
22.589  2670
22.599  2672
22.609  2670
22.619  2676
22.629  2674
22.639  2678
22.649  2684
22.659  2684
22.669  2686
22.679  2686
22.689  2690
22.699  2690
22.709  2692
22.719  2697
22.729  2699
22.739  2703
22.749  2707
22.759  2707
22.769  2709
22.779  2707
22.789  2707
22.799  2709
22.809  2707
22.819  2713
22.829  2711
22.839  2717
22.849  2717
22.859  2717
22.869  2721
22.879  2721
22.889  2721
22.899  2725
22.909  2721
22.919  2717
22.929  2717
22.939  2715
22.949  2719
22.959  2715
22.969  2719
22.979  2721
22.989  2719
22.999  2721
23.009  2721
23.019  2721
23.029  2721
23.039  2719
23.049  2721
23.059  2719
23.069  2723
23.079  2721
23.089  2719
23.099  2721
23.109  2721
23.119  2723
23.129  2723
23.139  2723
23.149  2725
23.159  2725
23.169  2727
23.179  2729
23.189  2729
23.199  2733
23.209  2733
23.219  2738
23.229  2740
23.239  2740
23.249  2742
23.259  2740
23.269  2742
23.279  2742
23.289  2740
23.299  2742
23.309  2740
23.319  2742
23.329  2742
23.339  2742
23.349  2744
23.359  2742
23.369  2742
23.379  2744
23.389  2744
23.399  2744
23.409  2744
23.419  2746
23.429  2746
23.439  2746
23.449  2746
23.459  2744
23.469  2742
23.479  2746
23.489  2746
23.499  2748
23.509  2746
23.519  2746
23.529  2748
23.539  2746
23.549  2748
23.559  2746
23.569  2748
23.579  2746
23.589  2746
23.599  2748
23.609  2746
23.619  2746
23.629  2748
23.639  2744
23.649  2746
23.659  2744
23.669  2744
23.679  2748
23.689  2744
23.699  2746
23.709  2746
23.719  2746
23.729  2746
23.739  2744
23.749  2746
23.759  2746
23.769  2744
23.779  2746
23.789  2744
23.799  2746
23.809  2746
23.819  2746
23.829  2748
23.839  2744
23.849  2746
23.859  2746
23.869  2746
23.879  2748
23.889  2744
23.899  2748
23.909  2746
23.919  2746
23.929  2748
23.939  2746
23.949  2748
23.959  2748
23.969  2746
23.979  2748
23.989  2744
23.999  2748
24.009  2744
24.019  2746
24.029  2746
24.039  2746
24.049  2748
24.059  2746
24.069  2742
24.079  2744
24.089  2740
24.099  2740
24.109  2740
24.119  2742
24.129  2744
24.139  2740
24.149  2742
24.159  2742
24.169  2742
24.179  2746
24.189  2744
24.199  2746
24.209  2748
24.219  2748
24.229  2746
24.239  2746
24.249  2746
24.259  2742
24.269  2742
24.279  2742
24.289  2740
24.299  2740
24.309  2740
24.319  2738
24.329  2736
24.339  2733
24.349  2733
24.359  2733
24.369  2731
24.379  2733
24.389  2729
24.399  2731
24.409  2729
24.419  2727
24.429  2725
24.439  2723
24.449  2719
24.459  2717
24.469  2711
24.479  2709
24.489  2705
24.499  2701
24.509  2699
24.519  2695
24.529  2692
24.539  2692
24.549  2688
24.559  2688
24.569  2684
24.579  2684
24.589  2682
24.599  2676
24.609  2676
24.619  2674
24.629  2674
24.639  2672
24.649  2670
24.659  2672
24.669  2668
24.679  2668
24.689  2670
24.699  2668
24.709  2670
24.719  2668
24.729  2666
24.739  2664
24.749  2662
24.759  2660
24.769  2658
24.779  2658
24.789  2654
24.799  2654
24.809  2651
24.819  2647
24.829  2654
24.839  2651
24.849  2649
24.859  2651
24.869  2647
24.879  2647
24.889  2645
24.899  2641
24.909  2656
24.919  2651
24.929  2651
24.939  2649
24.949  2649
24.959  2649
24.969  2647
24.979  2649
24.989  2647
24.999  2643
25.009  2647
25.019  2645
25.029  2647
25.039  2633
25.049  2633
25.059  2635
25.069  2633
25.079  2635
25.089  2633
25.099  2631
25.109  2633
25.119  2631
25.129  2633
25.139  2633
25.149  2631
25.159  2633
25.169  2631
25.179  2633
25.189  2631
25.199  2629
25.209  2629
25.219  2627
25.229  2627
25.239  2627
25.249  2625
25.259  2627
25.269  2623
25.279  2625
25.289  2623
25.299  2621
25.309  2625
25.319  2621
25.329  2619
25.339  2621
25.349  2621
25.359  2625
25.369  2621
25.379  2621
25.389  2621
25.399  2619
25.409  2619
25.419  2617
25.429  2619
25.439  2621
25.449  2619
25.459  2619
25.469  2619
25.479  2621
25.489  2621
25.499  2621
25.509  2623
25.519  2621
25.529  2621
25.539  2621
25.549  2621
25.559  2621
25.569  2619
25.579  2621
25.589  2619
25.599  2619
25.609  2617
25.619  2617
25.629  2617
25.639  2617
25.649  2617
25.659  2617
25.669  2615
25.679  2615
25.689  2615
25.699  2613
25.709  2617
25.719  2619
25.729  2619
25.739  2619
25.749  2617
25.759  2619
25.769  2621
25.779  2629
25.789  2631
25.799  2627
25.809  2623
25.819  2623
25.829  2619
25.839  2623
25.849  2621
25.859  2625
25.869  2623
25.879  2625
25.889  2623
25.899  2625
25.909  2627
25.919  2627
25.929  2627
25.939  2629
25.949  2629
25.959  2631
25.969  2625
25.979  2627
25.989  2627
25.999  2625
26.009  2627
26.019  2631
26.029  2631
26.039  2635
26.049  2633
26.059  2635
26.069  2639
26.079  2641
26.089  2645
26.099  2645
26.109  2649
26.119  2649
26.129  2649
26.139  2654
26.149  2651
26.159  2654
26.169  2654
26.179  2651
26.189  2654
26.199  2651
26.209  2656
26.219  2660
26.229  2658
26.239  2664
26.249  2668
26.259  2670
26.269  2674
26.279  2676
26.289  2680
26.299  2680
26.309  2686
26.319  2690
26.329  2692
26.339  2692
26.349  2692
26.359  2697
26.369  2697
26.379  2699
26.389  2701
26.399  2699
26.409  2709
26.419  2709
26.429  2709
26.439  2713
26.449  2709
26.459  2713
26.469  2715
26.479  2715
26.489  2719
26.499  2719
26.509  2719
26.519  2721
26.529  2719
26.539  2721
26.549  2719
26.559  2721
26.569  2721
26.579  2719
26.589  2721
26.599  2719
26.609  2721
26.619  2723
26.629  2723
26.639  2725
26.649  2717
26.659  2719
26.669  2719
26.679  2717
26.689  2719
26.699  2717
26.709  2721
26.719  2721
26.729  2721
26.739  2721
26.749  2721
26.759  2721
26.769  2721
26.779  2721
26.789  2723
26.799  2721
26.809  2723
26.819  2723
26.829  2723
26.839  2725
26.849  2721
26.859  2723
26.869  2723
26.879  2721
26.889  2725
26.899  2721
26.909  2725
26.919  2725
26.929  2725
26.939  2725
26.949  2727
26.959  2725
26.969  2725
26.979  2723
26.989  2725
26.999  2725
27.009  2725
27.019  2727
27.029  2727
27.039  2729
27.049  2729
27.059  2731
27.069  2733
27.079  2733
27.089  2736
27.099  2736
27.109  2742
27.119  2742
27.129  2742
27.139  2744
27.149  2742
27.159  2742
27.169  2742
27.179  2742
27.189  2742
27.199  2742
27.209  2742
27.219  2742
27.229  2742
27.239  2742
27.249  2742
27.259  2742
27.269  2744
27.279  2744
27.289  2746
27.299  2744
27.309  2746
27.319  2746
27.329  2744
27.339  2746
27.349  2744
27.359  2744
27.369  2744
27.379  2744
27.389  2748
27.399  2746
27.409  2746
27.419  2746
27.429  2744
27.439  2746
27.449  2746
27.459  2744
27.469  2746
27.479  2742
27.489  2746
27.499  2742
27.509  2744
27.519  2742
27.529  2742
27.539  2746
27.549  2742
27.559  2744
27.569  2744
27.579  2744
27.589  2746
27.599  2742
27.609  2744
27.619  2744
27.629  2744
27.639  2744
27.649  2744
27.659  2742
27.669  2744
27.679  2742
27.689  2746
27.699  2742
27.709  2742
27.719  2744
27.729  2742
27.739  2742
27.749  2742
27.759  2742
27.769  2744
27.779  2740
27.789  2744
27.799  2742
27.809  2742
27.819  2744
27.829  2742
27.839  2742
27.849  2742
27.859  2742
27.869  2744
27.879  2742
27.889  2744
27.899  2744
27.909  2744
27.919  2742
27.929  2742
27.939  2742
27.949  2740
27.959  2738
27.969  2738
27.979  2736
27.989  2738
27.999  2738
28.009  2738
28.019  2736
28.029  2731
28.039  2738
28.049  2740
28.059  2740
28.069  2742
28.079  2740
28.089  2742
28.099  2742
28.109  2742
28.119  2742
28.129  2740
28.139  2742
28.149  2740
28.159  2740
28.169  2740
28.179  2733
28.189  2733
28.199  2729
28.209  2729
28.219  2729
28.229  2727
28.239  2729
28.249  2725
28.259  2725
28.269  2727
28.279  2721
28.289  2725
28.299  2721
28.309  2719
28.319  2721
28.329  2711
28.339  2709
28.349  2705
28.359  2703
28.369  2701
28.379  2692
28.389  2692
28.399  2690
28.409  2690
28.419  2688
28.429  2684
28.439  2686
28.449  2682
28.459  2678
28.469  2676
28.479  2670
28.489  2672
28.499  2670
28.509  2668
28.519  2668
28.529  2668
28.539  2668
28.549  2668
28.559  2668
28.569  2668
28.579  2664
28.589  2664
28.599  2662
28.609  2660
28.619  2660
28.629  2658
28.639  2658
28.649  2654
28.659  2649
28.669  2649
28.679  2647
28.689  2649
28.699  2647
28.709  2647
28.719  2647
28.729  2643
28.739  2645
28.749  2643
28.759  2641
28.769  2643
28.779  2641
28.789  2641
28.799  2649
28.809  2645
28.819  2643
28.829  2641
28.839  2643
28.849  2643
28.859  2641
28.869  2643
28.879  2631
28.889  2633
28.899  2629
28.909  2629
28.919  2631
28.929  2627
28.939  2629
28.949  2627
28.959  2625
28.969  2627
28.979  2627
28.989  2629
28.999  2627
29.009  2627
29.019  2629
29.029  2625
29.039  2625
29.049  2625
29.059  2621
29.069  2623
29.079  2619
29.089  2619
29.099  2619
29.109  2617
29.119  2617
29.129  2613
29.139  2615
29.149  2615
29.159  2613
29.169  2615
29.179  2613
29.189  2615
29.199  2615
29.209  2613
29.219  2613
29.229  2611
29.239  2611
29.249  2611
29.259  2611
29.269  2613
29.279  2611
29.289  2611
29.299  2611
29.309  2611
29.319  2613
29.329  2608
29.339  2613
29.349  2613
29.359  2613
29.369  2613
29.379  2611
29.389  2611
29.399  2613
29.409  2611
29.419  2611
29.429  2608
29.439  2611
29.449  2608
29.459  2606
29.469  2608
29.479  2606
29.489  2608
29.499  2606
29.509  2604
29.519  2606
29.529  2604
29.539  2606
29.549  2604
29.559  2602
29.569  2606
29.579  2604
29.589  2604
29.599  2604
29.609  2602
29.619  2604
29.629  2602
29.639  2606
29.649  2602
29.659  2602
29.669  2604
29.679  2602
29.689  2604
29.699  2604
29.709  2602
29.719  2602
29.729  2602
29.739  2604
29.749  2604
29.759  2602
29.769  2602
29.779  2598
29.789  2600
29.799  2600
29.809  2600
29.819  2600
29.829  2598
29.839  2600
29.849  2600
29.859  2600
29.869  2602
29.879  2600
29.889  2602
29.899  2602
29.909  2604
29.919  2606
29.929  2606
29.939  2608
29.949  2606
29.959  2604
29.969  2606
29.979  2604
29.989  2606
29.999  2606
30.009  2604
30.019  2608
30.029  2602
30.039  2604
30.049  2604
30.059  2604
30.069  2604
30.079  2602
30.089  2604
30.099  2604
30.109  2602
30.119  2602
30.129  2600
30.139  2602
30.149  2602
30.159  2602
30.169  2602
30.179  2600
30.189  2600
30.199  2598
30.209  2598
30.219  2598
30.229  2600
30.239  2602
30.249  2602
30.259  2604
30.269  2604
30.279  2602
30.289  2602
30.299  2602
30.309  2604
30.319  2608
30.329  2608
30.339  2611
30.349  2619
30.359  2619
30.369  2619
30.379  2619
30.389  2619
30.399  2619
30.409  2615
30.419  2608
30.429  2608
30.439  2608
30.449  2611
30.459  2613
30.469  2615
30.479  2611
30.489  2613
30.499  2613
30.509  2613
30.519  2615
30.529  2615
30.539  2619
30.549  2623
30.559  2625
30.569  2627
30.579  2627
30.589  2631
30.599  2633
30.609  2635
30.619  2637
30.629  2637
30.639  2641
30.649  2643
30.659  2643
30.669  2647
30.679  2647
30.689  2651
30.699  2654
30.709  2658
30.719  2664
30.729  2664
30.739  2664
30.749  2666
30.759  2666
30.769  2668
30.779  2668
30.789  2668
30.799  2668
30.809  2666
30.819  2668
30.829  2668
30.839  2670
30.849  2670
30.859  2674
30.869  2676
30.879  2684
30.889  2686
30.899  2699
30.909  2701
30.919  2703
30.929  2715
30.939  2717
30.949  2719
30.959  2717
30.969  2719
30.979  2717
30.989  2717
30.999  2717
31.009  2717
31.019  2717
31.029  2719
31.039  2719
31.049  2721
31.059  2723
31.069  2719
31.079  2715
31.089  2717
31.099  2717
31.109  2717
31.119  2719
31.129  2719
31.139  2719
31.149  2721
31.159  2719
31.169  2721
31.179  2717
31.189  2719
31.199  2721
31.209  2723
31.219  2723
31.229  2723
31.239  2721
31.249  2723
31.259  2721
31.269  2723
31.279  2723
31.289  2723
31.299  2725
31.309  2723
31.319  2723
31.329  2723
31.339  2721
31.349  2723
31.359  2721
31.369  2725
31.379  2721
31.389  2723
31.399  2723
31.409  2721
31.419  2725
31.429  2723
31.439  2725
31.449  2725
31.459  2725
31.469  2725
31.479  2725
31.489  2725
31.499  2727
31.509  2725
31.519  2727
31.529  2727
31.539  2725
31.549  2729
31.559  2725
31.569  2729
31.579  2727
31.589  2725
31.599  2727
31.609  2725
31.619  2727
31.629  2725
31.639  2727
31.649  2727
31.659  2725
31.669  2727
31.679  2725
31.689  2727
31.699  2729
31.709  2729
31.719  2729
31.729  2729
31.739  2729
31.749  2731
31.759  2731
31.769  2729
31.779  2731
31.789  2729
31.799  2729
31.809  2727
31.819  2729
31.829  2727
31.839  2727
31.849  2729
31.859  2729
31.869  2731
31.879  2731
31.889  2733
31.899  2736
31.909  2738
31.919  2740
31.929  2742
31.939  2742
31.949  2746
31.959  2744
31.969  2746
31.979  2744
31.989  2744
31.999  2746
32.009  2744
32.019  2746
32.029  2744
32.039  2742
32.049  2746
32.059  2744
32.069  2744
32.079  2744
32.089  2742
32.099  2746
32.109  2744
32.119  2746
32.129  2746
32.139  2746
32.149  2746
32.159  2744
32.169  2746
32.179  2744
32.189  2744
32.199  2746
32.209  2744
32.219  2746
32.229  2746
32.239  2746
32.249  2748
32.259  2746
32.269  2746
32.279  2746
32.289  2746
32.299  2746
32.309  2746
32.319  2746
32.329  2746
32.339  2744
32.349  2746
32.359  2744
32.369  2746
32.379  2744
32.389  2742
32.399  2744
32.409  2742
32.419  2744
32.429  2742
32.439  2742
32.449  2742
32.459  2742
32.469  2744
32.479  2742
32.489  2742
32.499  2742
32.509  2742
32.519  2742
32.529  2740
32.539  2740
32.549  2740
32.559  2740
32.569  2740
32.579  2740
32.589  2740
32.599  2740
32.609  2738
32.619  2740
32.629  2738
32.639  2736
32.649  2736
32.659  2736
32.669  2736
32.679  2731
32.689  2731
32.699  2733
32.709  2729
32.719  2729
32.729  2727
32.739  2727
32.749  2727
32.759  2725
32.769  2725
32.779  2723
32.789  2717
32.799  2713
32.809  2705
32.819  2705
32.829  2701
32.839  2703
32.849  2697
32.859  2690
32.869  2692
32.879  2690
32.889  2688
32.899  2690
32.909  2686
32.919  2690
32.929  2686
32.939  2686
32.949  2684
32.959  2676
32.969  2676
32.979  2674
32.989  2678
32.999  2676
33.009  2670
33.019  2672
33.029  2668
33.039  2666
33.049  2664
33.059  2662
33.069  2660
33.079  2662
33.089  2660
33.099  2660
33.109  2651
33.119  2658
33.129  2651
33.139  2651
33.149  2649
33.159  2658
33.169  2658
33.179  2656
33.189  2658
33.199  2658
33.209  2656
33.219  2658
33.229  2656
33.239  2656
33.249  2654
33.259  2649
33.269  2649
33.279  2647
33.289  2637
33.299  2637
33.309  2635
33.319  2635
33.329  2635
33.339  2637
33.349  2635
33.359  2635
33.369  2633
33.379  2629
33.389  2629
33.399  2629
33.409  2627
33.419  2629
33.429  2625
33.439  2627
33.449  2627
33.459  2625
33.469  2623
33.479  2621
33.489  2619
33.499  2619
33.509  2619
33.519  2619
33.529  2617
33.539  2617
33.549  2617
33.559  2615
33.569  2617
33.579  2615
33.589  2615
33.599  2615
33.609  2615
33.619  2615
33.629  2611
33.639  2615
33.649  2615
33.659  2615
33.669  2613
33.679  2611
33.689  2613
33.699  2613
33.709  2611
33.719  2611
33.729  2608
33.739  2611
33.749  2608
33.759  2611
33.769  2611
33.779  2608
33.789  2611
33.799  2611
33.809  2611
33.819  2611
33.829  2611
33.839  2608
33.849  2613
33.859  2613
33.869  2611
33.879  2611
33.889  2611
33.899  2611
33.909  2611
33.919  2611
33.929  2608
33.939  2608
33.949  2611
33.959  2608
33.969  2608
33.979  2608
33.989  2608
33.999  2608
34.009  2608
34.019  2608
34.029  2608
34.039  2611
34.049  2611
34.059  2608
34.069  2608
34.079  2608
34.089  2611
34.099  2608
34.109  2608
34.119  2611
34.129  2608
34.139  2611
34.149  2611
34.159  2611
34.169  2611
34.179  2608
34.189  2611
34.199  2608
34.209  2608
34.219  2608
34.229  2608
34.239  2608
34.249  2606
34.259  2606
34.269  2606
34.279  2602
34.289  2602
34.299  2600
34.309  2600
34.319  2600
34.329  2600
34.339  2600
34.349  2602
34.359  2602
34.369  2604
34.379  2602
34.389  2606
34.399  2602
34.409  2604
34.419  2608
34.429  2608
34.439  2611
34.449  2613
34.459  2613
34.469  2623
34.479  2621
34.489  2621
34.499  2623
34.509  2621
34.519  2619
34.529  2608
34.539  2611
34.549  2608
34.559  2611
34.569  2608
34.579  2611
34.589  2611
34.599  2613
34.609  2611
34.619  2615
34.629  2615
34.639  2619
34.649  2621
34.659  2623
34.669  2627
34.679  2627
34.689  2631
34.699  2627
34.709  2625
34.719  2631
34.729  2631
34.739  2635
34.749  2635
34.759  2635
34.769  2637
34.779  2637
34.789  2641
34.799  2647
34.809  2647
34.819  2651
34.829  2658
34.839  2664
34.849  2666
34.859  2668
34.869  2668
34.879  2668
34.889  2670
34.899  2668
34.909  2670
34.919  2672
34.929  2670
34.939  2676
34.949  2678
34.959  2676
34.969  2684
34.979  2684
34.989  2692
34.999  2692
35.009  2692
35.019  2701
35.029  2709
35.039  2713
35.049  2715
35.059  2715
35.069  2717
35.079  2713
35.089  2715
35.099  2715
35.109  2717
35.119  2717
35.129  2717
35.139  2719
35.149  2719
35.159  2717
35.169  2715
35.179  2713
35.189  2715
35.199  2715
35.209  2715
35.219  2717
35.229  2715
35.239  2717
35.249  2717
35.259  2711
35.269  2715
35.279  2713
35.289  2715
35.299  2715
35.309  2715
35.319  2717
35.329  2717
35.339  2717
35.349  2717
35.359  2717
35.369  2719
35.379  2717
35.389  2719
35.399  2719
35.409  2719
35.419  2721
35.429  2717
35.439  2721
35.449  2721
35.459  2719
35.469  2721
35.479  2719
35.489  2723
35.499  2723
35.509  2721
35.519  2721
35.529  2719
35.539  2723
35.549  2721
35.559  2721
35.569  2723
35.579  2721
35.589  2723
35.599  2723
35.609  2725
35.619  2725
35.629  2725
35.639  2727
35.649  2725
35.659  2727
35.669  2729
35.679  2725
35.689  2725
35.699  2725
35.709  2725
35.719  2725
35.729  2725
35.739  2727
35.749  2725
35.759  2727
35.769  2731
35.779  2731
35.789  2733
35.799  2733
35.809  2736
35.819  2738
35.829  2740
35.839  2742
35.849  2740
35.859  2740
35.869  2742
35.879  2740
35.889  2742
35.899  2740
35.909  2740
35.919  2742
35.929  2740
35.939  2742
35.949  2740
35.959  2742
35.969  2742
35.979  2742
35.989  2744
35.999  2742
36.009  2746
36.019  2744
36.029  2742
36.039  2744
36.049  2742
36.059  2742
36.069  2740
36.079  2742
36.089  2742
36.099  2742
36.109  2746
36.119  2744
36.129  2744
36.139  2744
36.149  2742
36.159  2744
36.169  2744
36.179  2742
36.189  2744
36.199  2742
36.209  2744
36.219  2742
36.229  2742
36.239  2742
36.249  2742
36.259  2742
36.269  2742
36.279  2742
36.289  2742
36.299  2740
36.309  2740
36.319  2742
36.329  2742
36.339  2742
36.349  2740
36.359  2742
36.369  2742
36.379  2742
36.389  2742
36.399  2738
36.409  2742
36.419  2740
36.429  2740
36.439  2740
36.449  2740
36.459  2742
36.469  2742
36.479  2742
36.489  2742
36.499  2740
36.509  2742
36.519  2742
36.529  2742
36.539  2740
36.549  2740
36.559  2742
36.569  2742
36.579  2742
36.589  2740
36.599  2740
36.609  2740
36.619  2740
36.629  2740
36.639  2742
36.649  2740
36.659  2742
36.669  2742
36.679  2740
36.689  2740
36.699  2738
36.709  2738
36.719  2738
36.729  2738
36.739  2740
36.749  2736
36.759  2738
36.769  2740
36.779  2740
36.789  2742
36.799  2740
36.809  2742
36.819  2744
36.829  2742
36.839  2742
36.849  2742
36.859  2742
36.869  2742
36.879  2742
36.889  2742
36.899  2740
36.909  2740
36.919  2740
36.929  2738
36.939  2740
36.949  2738
36.959  2738
36.969  2740
36.979  2738
36.989  2740
36.999  2736
37.009  2738
37.019  2738
37.029  2738
37.039  2736
37.049  2733
37.059  2731
37.069  2731
37.079  2729
37.089  2725
37.099  2719
37.109  2721
37.119  2719
37.129  2717
37.139  2717
37.149  2713
37.159  2713
37.169  2711
37.179  2707
37.189  2707
37.199  2703
37.209  2701
37.219  2697
37.229  2692
37.239  2690
37.249  2688
37.259  2688
37.269  2686
37.279  2684
37.289  2684
37.299  2680
37.309  2680
37.319  2678
37.329  2670
37.339  2670
37.349  2668
37.359  2668
37.369  2666
37.379  2664
37.389  2664
37.399  2660
37.409  2660
37.419  2660
37.429  2660
37.439  2660
37.449  2656
37.459  2656
37.469  2656
37.479  2651
37.489  2654
37.499  2649
37.509  2649
37.519  2651
37.529  2649
37.539  2645
37.549  2643
37.559  2643
37.569  2645
37.579  2643
37.589  2641
37.599  2639
37.609  2641
37.619  2641
37.629  2641
37.639  2641
37.649  2639
37.659  2635
37.669  2635
37.679  2645
37.689  2645
37.699  2641
37.709  2631
37.719  2631
37.729  2629
37.739  2629
37.749  2627
37.759  2631
37.769  2631
37.779  2629
37.789  2627
37.799  2627
37.809  2629
37.819  2629
37.829  2633
37.839  2631
37.849  2627
37.859  2629
37.869  2627
37.879  2627
37.889  2625
37.899  2619
37.909  2621
37.919  2621
37.929  2619
37.939  2619
37.949  2619
37.959  2619
37.969  2619
37.979  2617
37.989  2617
37.999  2615
38.009  2617
38.019  2617
38.029  2617
38.039  2617
38.049  2615
38.059  2617
38.069  2615
38.079  2615
38.089  2615
38.099  2611
38.109  2615
38.119  2613
38.129  2615
38.139  2615
38.149  2611
38.159  2613
38.169  2611
38.179  2611
38.189  2611
38.199  2608
38.209  2613
38.219  2611
38.229  2611
38.239  2611
38.249  2611
38.259  2611
38.269  2608
38.279  2608
38.289  2611
38.299  2608
38.309  2608
38.319  2608
38.329  2606
38.339  2608
38.349  2606
38.359  2608
38.369  2608
38.379  2608
38.389  2608
38.399  2606
38.409  2608
38.419  2606
38.429  2604
38.439  2606
38.449  2604
38.459  2606
38.469  2604
38.479  2604
38.489  2604
38.499  2602
38.509  2606
38.519  2604
38.529  2602
38.539  2604
38.549  2602
38.559  2604
38.569  2602
38.579  2602
38.589  2602
38.599  2602
38.609  2602
38.619  2602
38.629  2602
38.639  2604
38.649  2602
38.659  2604
38.669  2602
38.679  2600
38.689  2600
38.699  2598
38.709  2600
38.719  2600
38.729  2600
38.739  2600
38.749  2596
38.759  2600
38.769  2602
38.779  2600
38.789  2602
38.799  2604
38.809  2604
38.819  2602
38.829  2602
38.839  2602
38.849  2600
38.859  2602
38.869  2600
38.879  2600
38.889  2600
38.899  2600
38.909  2600
38.919  2600
38.929  2598
38.939  2600
38.949  2598
38.959  2598
38.969  2598
38.979  2598
38.989  2600
38.999  2598
39.009  2600
39.019  2598
39.029  2596
39.039  2598
39.049  2592
39.059  2594
39.069  2594
39.079  2592
39.089  2594
39.099  2594
39.109  2596
39.119  2594
39.129  2594
39.139  2594
39.149  2594
39.159  2594
39.169  2594
39.179  2594
39.189  2594
39.199  2592
39.209  2592
39.219  2590
39.229  2590
39.239  2592
39.249  2588
39.259  2592
39.269  2590
39.279  2590
39.289  2590
39.299  2590
39.309  2592
39.319  2592
39.329  2592
39.339  2594
39.349  2590
39.359  2594
39.369  2592
39.379  2590
39.389  2594
39.399  2592
39.409  2594
39.419  2594
39.429  2594
39.439  2594
39.449  2592
39.459  2592
39.469  2592
39.479  2594
39.489  2594
39.499  2594
39.509  2594
39.519  2596
39.529  2598
39.539  2598
39.549  2596
39.559  2598
39.569  2598
39.579  2600
39.589  2602
39.599  2602
39.609  2613
39.619  2613
39.629  2615
39.639  2617
39.649  2615
39.659  2606
39.669  2606
39.679  2606
39.689  2606
39.699  2600
39.709  2602
39.719  2602
39.729  2602
39.739  2604
39.749  2606
39.759  2608
39.769  2613
39.779  2611
39.789  2611
39.799  2611
39.809  2611
39.819  2611
39.829  2613
39.839  2613
39.849  2611
39.859  2613
39.869  2615
39.879  2613
39.889  2615
39.899  2615
39.909  2619
39.919  2619
39.929  2621
39.939  2621
39.949  2623
39.959  2627
39.969  2631
39.979  2631
39.989  2633
39.999  2633
40.009  2635
40.019  2639
40.029  2639
40.039  2641
40.049  2643
40.059  2643
40.069  2643
40.079  2643
40.089  2647
40.099  2647
40.109  2649
40.119  2654
40.129  2654
40.139  2662
40.149  2660
40.159  2666
40.169  2666
40.179  2666
40.189  2668
40.199  2668
40.209  2668
40.219  2670
40.229  2670
40.239  2672
40.249  2672
40.259  2674
40.269  2676
40.279  2676
40.289  2682
40.299  2684
40.309  2688
40.319  2690
40.329  2697
40.339  2699
40.349  2701
40.359  2703
40.369  2705
40.379  2703
40.389  2707
40.399  2705
40.409  2707
40.419  2707
40.429  2715
40.439  2715
40.449  2715
40.459  2715
40.469  2717
40.479  2715
40.489  2713
40.499  2713
40.509  2715
40.519  2715
40.529  2713
40.539  2715
40.549  2715
40.559  2715
40.569  2717
40.579  2713
40.589  2715
40.599  2715
40.609  2717
40.619  2717
40.629  2717
40.639  2719
40.649  2717
40.659  2719
40.669  2717
40.679  2717
40.689  2719
40.699  2717
40.709  2717
40.719  2719
40.729  2717
40.739  2721
40.749  2719
40.759  2725
40.769  2723
40.779  2725
40.789  2729
40.799  2731
40.809  2733
40.819  2733
40.829  2733
40.839  2736
40.849  2733
40.859  2731
40.869  2736
40.879  2733
40.889  2738
40.899  2736
40.909  2733
40.919  2736
40.929  2733
40.939  2738
40.949  2733
40.959  2733
40.969  2738
40.979  2736
40.989  2740
40.999  2738
41.009  2740
41.019  2742
41.029  2738
41.039  2740
41.049  2738
41.059  2738
41.069  2742
41.079  2740
41.089  2740
41.099  2740
41.109  2740
41.119  2742
41.129  2740
41.139  2742
41.149  2742
41.159  2740
41.169  2742
41.179  2740
41.189  2740
41.199  2740
41.209  2740
41.219  2742
41.229  2738
41.239  2740
41.249  2740
41.259  2740
41.269  2740
41.279  2738
41.289  2740
41.299  2740
41.309  2738
41.319  2740
41.329  2738
41.339  2740
41.349  2738
41.359  2740
41.369  2740
41.379  2740
41.389  2740
41.399  2740
41.409  2738
41.419  2740
41.429  2738
41.439  2740
41.449  2740
41.459  2738
41.469  2740
41.479  2740
41.489  2742
41.499  2740
41.509  2738
41.519  2740
41.529  2740
41.539  2740
41.549  2742
41.559  2738
41.569  2740
41.579  2740
41.589  2742
41.599  2740
41.609  2738
41.619  2742
41.629  2738
41.639  2742
41.649  2740
41.659  2740
41.669  2740
41.679  2740
41.689  2742
41.699  2742
41.709  2740
41.719  2742
41.729  2742
41.739  2744
41.749  2744
41.759  2744
41.769  2748
41.779  2746
41.789  2750
41.799  2750
41.809  2750
41.819  2754
41.829  2752
41.839  2756
41.849  2754
41.859  2752
41.869  2754
41.879  2752
41.889  2754
41.899  2754
41.909  2752
41.919  2754
41.929  2750
41.939  2756
41.949  2756
41.959  2754
41.969  2754
41.979  2752
41.989  2756
41.999  2756
42.009  2752
42.019  2756
42.029  2752
42.039  2754
42.049  2750
42.059  2750
42.069  2752
42.079  2750
42.089  2750
42.099  2750
42.109  2748
42.119  2750
42.129  2750
42.139  2750
42.149  2750
42.159  2748
42.169  2750
42.179  2748
42.189  2748
42.199  2748
42.209  2748
42.219  2748
42.229  2746
42.239  2746
42.249  2746
42.259  2744
42.269  2744
42.279  2742
42.289  2744
42.299  2744
42.309  2742
42.319  2744
42.329  2740
42.339  2740
42.349  2738
42.359  2736
42.369  2733
42.379  2729
42.389  2729
42.399  2729
42.409  2729
42.419  2727
42.429  2725
42.439  2723
42.449  2723
42.459  2721
42.469  2719
42.479  2717
42.489  2717
42.499  2715
42.509  2715
42.519  2713
42.529  2707
42.539  2705
42.549  2705
42.559  2703
42.569  2701
42.579  2695
42.589  2690
42.599  2684
42.609  2684
42.619  2680
42.629  2676
42.639  2674
42.649  2672
42.659  2670
42.669  2670
42.679  2670
42.689  2676
42.699  2676
42.709  2676
42.719  2676
42.729  2676
42.739  2674
42.749  2674
42.759  2672
42.769  2672
42.779  2668
42.789  2668
42.799  2666
42.809  2664
42.819  2662
42.829  2660
42.839  2658
42.849  2658
42.859  2654
42.869  2654
42.879  2654
42.889  2651
42.899  2651
42.909  2651
42.919  2651
42.929  2649
42.939  2649
42.949  2647
42.959  2645
42.969  2645
42.979  2645
42.989  2643
42.999  2643
43.009  2643
43.019  2656
43.029  2654
43.039  2651
43.049  2649
43.059  2649
43.069  2649
43.079  2645
43.089  2643
43.099  2643
43.109  2635
43.119  2633
43.129  2631
43.139  2629
43.149  2629
43.159  2629
43.169  2629
43.179  2627
43.189  2627
43.199  2627
43.209  2625
43.219  2625
43.229  2623
43.239  2623
43.249  2625
43.259  2621
43.269  2623
43.279  2621
43.289  2619
43.299  2621
43.309  2619
43.319  2619
43.329  2617
43.339  2619
43.349  2615
43.359  2613
43.369  2615
43.379  2613
43.389  2613
43.399  2613
43.409  2611
43.419  2611
43.429  2611
43.439  2611
43.449  2611
43.459  2611
43.469  2611
43.479  2608
43.489  2611
43.499  2611
43.509  2608
43.519  2611
43.529  2608
43.539  2608
43.549  2611
43.559  2608
43.569  2608
43.579  2611
43.589  2608
43.599  2606
43.609  2608
43.619  2608
43.629  2608
43.639  2606
43.649  2608
43.659  2606
43.669  2608
43.679  2604
43.689  2604
43.699  2602
43.709  2602
43.719  2602
43.729  2602
43.739  2602
43.749  2604
43.759  2602
43.769  2602
43.779  2602
43.789  2604
43.799  2602
43.809  2602
43.819  2602
43.829  2602
43.839  2602
43.849  2602
43.859  2602
43.869  2602
43.879  2600
43.889  2600
43.899  2600
43.909  2600
43.919  2600
43.929  2598
43.939  2598
43.949  2598
43.959  2600
43.969  2600
43.979  2598
43.989  2598
43.999  2600
44.009  2598
44.019  2598
44.029  2596
44.039  2596
44.049  2594
44.059  2594
44.069  2592
44.079  2592
44.089  2590
44.099  2590
44.109  2592
44.119  2592
44.129  2590
44.139  2592
44.149  2590
44.159  2588
44.169  2590
44.179  2590
44.189  2590
44.199  2590
44.209  2590
44.219  2588
44.229  2590
44.239  2588
44.249  2592
44.259  2590
44.269  2592
44.279  2590
44.289  2590
44.299  2592
44.309  2590
44.319  2592
44.329  2590
44.339  2594
44.349  2594
44.359  2594
44.369  2598
44.379  2594
44.389  2598
44.399  2598
44.409  2600
44.419  2602
44.429  2602
44.439  2608
44.449  2600
44.459  2602
44.469  2604
44.479  2604
44.489  2598
44.499  2598
44.509  2600
44.519  2602
44.529  2602
44.539  2606
44.549  2608
44.559  2608
44.569  2611
44.579  2608
44.589  2611
44.599  2608
44.609  2611
44.619  2611
44.629  2608
44.639  2608
44.649  2608
44.659  2611
44.669  2608
44.679  2611
44.689  2615
44.699  2617
44.709  2619
44.719  2621
44.729  2621
44.739  2627
44.749  2627
44.759  2629
44.769  2633
44.779  2631
44.789  2635
44.799  2637
44.809  2641
44.819  2641
44.829  2641
44.839  2641
44.849  2643
44.859  2643
44.869  2645
44.879  2643
44.889  2649
44.899  2651
44.909  2654
44.919  2656
44.929  2658
44.939  2660
44.949  2664
44.959  2664
44.969  2666
44.979  2664
44.989  2668
44.999  2668
45.009  2668
45.019  2668
45.029  2668
45.039  2672
45.049  2672
45.059  2672
45.069  2676
45.079  2676
45.089  2680
45.099  2682
45.109  2682
45.119  2686
45.129  2686
45.139  2688
45.149  2692
45.159  2697
45.169  2699
45.179  2701
45.189  2703
45.199  2707
45.209  2705
45.219  2707
45.229  2705
45.239  2707
45.249  2707
45.259  2707
45.269  2707
45.279  2705
45.289  2707
45.299  2703
45.309  2701
45.319  2705
45.329  2703
45.339  2707
45.349  2715
45.359  2715
45.369  2715
45.379  2713
45.389  2715
45.399  2715
45.409  2713
45.419  2713
45.429  2711
45.439  2717
45.449  2713
45.459  2713
45.469  2715
45.479  2715
45.489  2715
45.499  2717
45.509  2717
45.519  2719
45.529  2721
45.539  2725
45.549  2725
45.559  2725
45.569  2727
45.579  2727
45.589  2729
45.599  2729
45.609  2727
45.619  2729
45.629  2727
45.639  2729
45.649  2729
45.659  2727
45.669  2729
45.679  2729
45.689  2729
45.699  2729
45.709  2729
45.719  2731
45.729  2729
45.739  2731
45.749  2731
45.759  2729
45.769  2731
45.779  2729
45.789  2731
45.799  2731
45.809  2729
45.819  2733
45.829  2731
45.839  2731
45.849  2731
45.859  2731
45.869  2733
45.879  2731
45.889  2733
45.899  2733
45.909  2731
45.919  2733
45.929  2729
45.939  2731
45.949  2731
45.959  2731
45.969  2731
45.979  2729
45.989  2733
45.999  2731
46.009  2729
46.019  2733
46.029  2729
46.039  2731
46.049  2731
46.059  2731
46.069  2733
46.079  2727
46.089  2731
46.099  2731
46.109  2729
46.119  2731
46.129  2729
46.139  2731
46.149  2731
46.159  2731
46.169  2731
46.179  2729
46.189  2733
46.199  2731
46.209  2731
46.219  2733
46.229  2731
46.239  2731
46.249  2733
46.259  2729
46.269  2733
46.279  2729
46.289  2731
46.299  2731
46.309  2731
46.319  2733
46.329  2731
46.339  2733
46.349  2731
46.359  2731
46.369  2731
46.379  2729
46.389  2731
46.399  2731
46.409  2725
46.419  2729
46.429  2729
46.439  2731
46.449  2733
46.459  2733
46.469  2736
46.479  2736
46.489  2740
46.499  2738
46.509  2740
46.519  2742
46.529  2740
46.539  2742
46.549  2742
46.559  2740
46.569  2738
46.579  2738
46.589  2740
46.599  2738
46.609  2738
46.619  2740
46.629  2738
46.639  2740
46.649  2738
46.659  2738
46.669  2740
46.679  2736
46.689  2740
46.699  2740
46.709  2736
46.719  2740
46.729  2738
46.739  2738
46.749  2736
46.759  2733
46.769  2738
46.779  2733
46.789  2736
46.799  2736
46.809  2731
46.819  2731
46.829  2729
46.839  2731
46.849  2731
46.859  2727
46.869  2729
46.879  2723
46.889  2725
46.899  2721
46.909  2717
46.919  2719
46.929  2717
46.939  2715
46.949  2713
46.959  2709
46.969  2709
46.979  2707
46.989  2709
46.999  2705
47.009  2699
47.019  2699
47.029  2695
47.039  2695
47.049  2692
47.059  2686
47.069  2686
47.079  2682
47.089  2684
47.099  2676
47.109  2674
47.119  2676
47.129  2670
47.139  2670
47.149  2668
47.159  2666
47.169  2666
47.179  2668
47.189  2668
47.199  2666
47.209  2664
47.219  2662
47.229  2660
47.239  2660
47.249  2656
47.259  2656
47.269  2658
47.279  2654
47.289  2656
47.299  2651
47.309  2651
47.319  2651
47.329  2649
47.339  2645
47.349  2645
47.359  2641
47.369  2641
47.379  2639
47.389  2641
47.399  2641
47.409  2643
47.419  2645
47.429  2641
47.439  2643
47.449  2643
47.459  2641
47.469  2643
47.479  2639
47.489  2637
47.499  2639
47.509  2633
47.519  2633
47.529  2631
47.539  2631
47.549  2627
47.559  2627
47.569  2641
47.579  2629
47.589  2629
47.599  2629
47.609  2627
47.619  2629
47.629  2627
47.639  2627
47.649  2627
47.659  2625
47.669  2627
47.679  2625
47.689  2625
47.699  2623
47.709  2625
47.719  2623
47.729  2621
47.739  2621
47.749  2621
47.759  2619
47.769  2623
47.779  2619
47.789  2621
47.799  2621
47.809  2619
47.819  2619
47.829  2619
47.839  2617
47.849  2619
47.859  2617
47.869  2619
47.879  2617
47.889  2611
47.899  2613
47.909  2611
47.919  2613
47.929  2608
47.939  2611
47.949  2611
47.959  2611
47.969  2611
47.979  2608
47.989  2604
47.999  2604
48.009  2602
48.019  2606
48.029  2604
48.039  2606
48.049  2608
48.059  2606
48.069  2608
48.079  2608
48.089  2608
48.099  2617
48.109  2617
48.119  2619
48.129  2621
48.139  2621
48.149  2623
48.159  2606
48.169  2611
48.179  2608
48.189  2611
48.199  2613
48.209  2611
48.219  2611
48.229  2611
48.239  2611
48.249  2611
48.259  2611
48.269  2611
48.279  2613
48.289  2617
48.299  2617
48.309  2615
48.319  2619
48.329  2621
48.339  2627
48.349  2627
48.359  2629
48.369  2631
48.379  2629
48.389  2627
48.399  2631
48.409  2631
48.419  2629
48.429  2631
48.439  2629
48.449  2631
48.459  2631
48.469  2633
48.479  2635
48.489  2635
48.499  2643
48.509  2643
48.519  2645
48.529  2645
48.539  2647
48.549  2654
48.559  2654
48.569  2658
48.579  2662
48.589  2666
48.599  2668
48.609  2668
48.619  2670
48.629  2668
48.639  2668
48.649  2672
48.659  2670
48.669  2672
48.679  2682
48.689  2682
48.699  2686
48.709  2686
48.719  2686
48.729  2688
48.739  2688
48.749  2692
48.759  2692
48.769  2692
48.779  2695
48.789  2699
48.799  2701
48.809  2701
48.819  2703
48.829  2705
48.839  2703
48.849  2707
48.859  2705
48.869  2707
48.879  2709
48.889  2703
48.899  2705
48.909  2703
48.919  2701
48.929  2707
48.939  2703
48.949  2707
48.959  2707
48.969  2707
48.979  2713
48.989  2713
48.999  2713
49.009  2713
49.019  2715
49.029  2717
49.039  2715
49.049  2719
49.059  2717
49.069  2717
49.079  2719
49.089  2715
49.099  2719
49.109  2717
49.119  2719
49.129  2719
49.139  2719
49.149  2721
49.159  2719
49.169  2719
49.179  2723
49.189  2719
49.199  2721
49.209  2719
49.219  2719
49.229  2721
49.239  2717
49.249  2721
49.259  2721
49.269  2721
49.279  2719
49.289  2721
49.299  2725
49.309  2725
49.319  2725
49.329  2729
49.339  2727
49.349  2731
49.359  2731
49.369  2731
49.379  2736
49.389  2733
49.399  2733
49.409  2731
49.419  2731
49.429  2733
49.439  2729
49.449  2733
49.459  2731
49.469  2731
49.479  2731
49.489  2729
49.499  2731
49.509  2733
49.519  2729
49.529  2731
49.539  2729
49.549  2733
49.559  2733
49.569  2733
49.579  2736
49.589  2733
49.599  2733
49.609  2729
49.619  2733
49.629  2733
49.639  2733
49.649  2733
49.659  2736
49.669  2736
49.679  2736
49.689  2736
49.699  2738
49.709  2736
49.719  2736
49.729  2736
49.739  2733
49.749  2736
49.759  2733
49.769  2733
49.779  2736
49.789  2733
49.799  2733
49.809  2733
49.819  2733
49.829  2736
49.839  2733
49.849  2733
49.859  2733
49.869  2733
49.879  2733
49.889  2733
49.899  2733
49.909  2736
49.919  2733
49.929  2733
49.939  2733
49.949  2733
49.959  2733
49.969  2731
49.979  2733
49.989  2731
49.999  2733
50.009  2731
50.019  2731
50.029  2731
50.039  2729
50.049  2731
50.059  2731
50.069  2729
50.079  2731
50.089  2729
50.099  2731
50.109  2731
50.119  2729
50.129  2731
50.139  2729
50.149  2731
50.159  2729
50.169  2721
50.179  2719
50.189  2713
50.199  2713
50.209  2715
50.219  2713
50.229  2713
50.239  2709
50.249  2711
50.259  2713
50.269  2713
50.279  2715
50.289  2713
50.299  2711
50.309  2713
50.319  2711
50.329  2711
50.339  2711
50.349  2707
50.359  2709
50.369  2705
50.379  2701
50.389  2697
50.399  2697
50.409  2692
50.419  2690
50.429  2688
50.439  2686
50.449  2684
50.459  2684
50.469  2684
50.479  2684
50.489  2684
50.499  2682
50.509  2682
50.519  2678
50.529  2680
50.539  2674
50.549  2668
50.559  2668
50.569  2666
50.579  2666
50.589  2662
50.599  2662
50.609  2660
50.619  2660
50.629  2658
50.639  2654
50.649  2658
50.659  2658
50.669  2656
50.679  2654
50.689  2651
50.699  2649
50.709  2651
50.719  2647
50.729  2647
50.739  2643
50.749  2645
50.759  2643
50.769  2643
50.779  2643
50.789  2639
50.799  2639
50.809  2641
50.819  2637
50.829  2637
50.839  2635
50.849  2633
50.859  2635
50.869  2633
50.879  2633
50.889  2631
50.899  2629
50.909  2629
50.919  2627
50.929  2627
50.939  2625
50.949  2615
50.959  2617
50.969  2615
50.979  2615
50.989  2613
50.999  2615
51.009  2615
51.019  2608
51.029  2619
51.039  2621
51.049  2617
51.059  2619
51.069  2619
51.079  2619
51.089  2617
51.099  2615
51.109  2617
51.119  2615
51.129  2617
51.139  2615
51.149  2615
51.159  2617
51.169  2617
51.179  2619
51.189  2617
51.199  2617
51.209  2619
51.219  2619
51.229  2619
51.239  2617
51.249  2615
51.259  2617
51.269  2615
51.279  2615
51.289  2613
51.299  2615
51.309  2613
51.319  2611
51.329  2615
51.339  2613
51.349  2615
51.359  2617
51.369  2611
51.379  2611
51.389  2611
51.399  2600
51.409  2602
51.419  2602
51.429  2602
51.439  2602
51.449  2602
51.459  2602
51.469  2602
51.479  2615
51.489  2615
51.499  2615
51.509  2615
51.519  2615
51.529  2611
51.539  2613
51.549  2615
51.559  2615
51.569  2613
51.579  2613
51.589  2613
51.599  2611
51.609  2613
51.619  2611
51.629  2613
51.639  2611
51.649  2611
51.659  2613
51.669  2611
51.679  2613
51.689  2615
51.699  2615
51.709  2617
51.719  2619
51.729  2621
51.739  2621
51.749  2623
51.759  2623
51.769  2621
51.779  2623
51.789  2625
51.799  2627
51.809  2627
51.819  2627
51.829  2629
51.839  2631
51.849  2633
51.859  2635
51.869  2635
51.879  2637
51.889  2637
51.899  2637
51.909  2641
51.919  2639
51.929  2641
51.939  2643
51.949  2645
51.959  2649
51.969  2647
51.979  2651
51.989  2654
51.999  2656
52.009  2658
52.019  2658
52.029  2656
52.039  2654
52.049  2651
52.059  2654
52.069  2656
52.079  2660
52.089  2660
52.099  2660
52.109  2666
52.119  2670
52.129  2676
52.139  2680
52.149  2684
52.159  2690
52.169  2690
52.179  2692
52.189  2697
52.199  2699
52.209  2697
52.219  2697
52.229  2697
52.239  2697
52.249  2697
52.259  2699
52.269  2697
52.279  2701
52.289  2703
52.299  2705
52.309  2703
52.319  2703
52.329  2701
52.339  2705
52.349  2707
52.359  2709
52.369  2709
52.379  2717
52.389  2717
52.399  2717
52.409  2717
52.419  2715
52.429  2717
52.439  2717
52.449  2717
52.459  2717
52.469  2715
52.479  2717
52.489  2717
52.499  2717
52.509  2719
52.519  2717
52.529  2719
52.539  2719
52.549  2719
52.559  2721
52.569  2717
52.579  2719
52.589  2719
52.599  2719
52.609  2719
52.619  2719
52.629  2719
52.639  2717
52.649  2719
52.659  2719
52.669  2717
52.679  2719
52.689  2719
52.699  2721
52.709  2721
52.719  2721
52.729  2719
52.739  2721
52.749  2723
52.759  2723
52.769  2721
52.779  2723
52.789  2721
52.799  2723
52.809  2723
52.819  2719
52.829  2721
52.839  2719
52.849  2721
52.859  2721
52.869  2719
52.879  2723
52.889  2723
52.899  2723
52.909  2725
52.919  2723
52.929  2725
52.939  2725
52.949  2725
52.959  2725
52.969  2723
52.979  2725
52.989  2723
52.999  2723
53.009  2723
53.019  2723
53.029  2723
53.039  2723
53.049  2725
53.059  2727
53.069  2727
53.079  2731
53.089  2731
53.099  2733
53.109  2733
53.119  2733
53.129  2736
53.139  2738
53.149  2738
53.159  2738
53.169  2736
53.179  2740
53.189  2736
53.199  2738
53.209  2738
53.219  2738
53.229  2740
53.239  2738
53.249  2740
53.259  2740
53.269  2738
53.279  2740
53.289  2740
53.299  2738
53.309  2740
53.319  2738
53.329  2740
53.339  2738
53.349  2738
53.359  2738
53.369  2736
53.379  2736
53.389  2736
53.399  2738
53.409  2738
53.419  2733
53.429  2736
53.439  2733
53.449  2733
53.459  2733
53.469  2731
53.479  2733
53.489  2733
53.499  2731
53.509  2731
53.519  2729
53.529  2729
53.539  2729
53.549  2727
53.559  2729
53.569  2725
53.579  2727
53.589  2723
53.599  2719
53.609  2719
53.619  2715
53.629  2715
53.639  2715
53.649  2713
53.659  2711
53.669  2709
53.679  2707
53.689  2701
53.699  2701
53.709  2699
53.719  2690
53.729  2690
53.739  2686
53.749  2686
53.759  2684
53.769  2676
53.779  2680
53.789  2676
53.799  2676
53.809  2674
53.819  2670
53.829  2668
53.839  2668
53.849  2666
53.859  2666
53.869  2662
53.879  2660
53.889  2658
53.899  2656
53.909  2654
53.919  2649
53.929  2649
53.939  2647
53.949  2647
53.959  2645
53.969  2643
53.979  2647
53.989  2649
53.999  2649
54.009  2649
54.019  2651
54.029  2651
54.039  2651
54.049  2649
54.059  2649
54.069  2647
54.079  2645
54.089  2643
54.099  2639
54.109  2639
54.119  2639
54.129  2639
54.139  2641
54.149  2637
54.159  2639
54.169  2639
54.179  2641
54.189  2639
54.199  2637
54.209  2635
54.219  2633
54.229  2633
54.239  2631
54.249  2629
54.259  2631
54.269  2629
54.279  2629
54.289  2621
54.299  2617
54.309  2619
54.319  2627
54.329  2629
54.339  2627
54.349  2623
54.359  2623
54.369  2621
54.379  2621
54.389  2621
54.399  2619
54.409  2621
54.419  2617
54.429  2619
54.439  2617
54.449  2617
54.459  2615
54.469  2615
54.479  2615
54.489  2613
54.499  2613
54.509  2613
54.519  2611
54.529  2613
54.539  2611
54.549  2611
54.559  2613
54.569  2613
54.579  2615
54.589  2615
54.599  2613
54.609  2615
54.619  2615
54.629  2615
54.639  2611
54.649  2613
54.659  2615
54.669  2613
54.679  2613
54.689  2613
54.699  2613
54.709  2615
54.719  2611
54.729  2613
54.739  2608
54.749  2611
54.759  2606
54.769  2606
54.779  2608
54.789  2608
54.799  2606
54.809  2606
54.819  2604
54.829  2604
54.839  2604
54.849  2604
54.859  2604
54.869  2604
54.879  2604
54.889  2604
54.899  2606
54.909  2611
54.919  2611
54.929  2615
54.939  2615
54.949  2623
54.959  2625
54.969  2625
54.979  2627
54.989  2623
54.999  2625
55.009  2619
55.019  2621
55.029  2619
55.039  2619
55.049  2615
55.059  2615
55.069  2615
55.079  2615
55.089  2613
55.099  2617
55.109  2617
55.119  2617
55.129  2619
55.139  2617
55.149  2623
55.159  2625
55.169  2627
55.179  2627
55.189  2625
55.199  2625
55.209  2625
55.219  2625
55.229  2627
55.239  2627
55.249  2631
55.259  2631
55.269  2633
55.279  2633
55.289  2633
55.299  2635
55.309  2635
55.319  2637
55.329  2641
55.339  2641
55.349  2643
55.359  2645
55.369  2645
55.379  2649
55.389  2647
55.399  2651
55.409  2651
55.419  2651
55.429  2658
55.439  2660
55.449  2664
55.459  2668
55.469  2666
55.479  2668
55.489  2668
55.499  2674
55.509  2672
55.519  2672
55.529  2674
55.539  2674
55.549  2676
55.559  2682
55.569  2682
55.579  2688
55.589  2686
55.599  2688
55.609  2688
55.619  2690
55.629  2695
55.639  2692
55.649  2697
55.659  2701
55.669  2699
55.679  2701
55.689  2699
55.699  2699
55.709  2699
55.719  2699
55.729  2701
55.739  2699
55.749  2701
55.759  2699
55.769  2699
55.779  2701
55.789  2699
55.799  2701
55.809  2701
55.819  2701
55.829  2703
55.839  2701
55.849  2703
55.859  2707
55.869  2709
55.879  2719
55.889  2719
55.899  2723
55.909  2723
55.919  2725
55.929  2725
55.939  2723
55.949  2725
55.959  2725
55.969  2723
55.979  2725
55.989  2723
55.999  2725
56.009  2725
56.019  2723
56.029  2725
56.039  2723
56.049  2727
56.059  2725
56.069  2725
56.079  2731
56.089  2729
56.099  2733
56.109  2733
56.119  2733
56.129  2733
56.139  2731
56.149  2733
56.159  2733
56.169  2731
56.179  2733
56.189  2731
56.199  2733
56.209  2733
56.219  2731
56.229  2733
56.239  2731
56.249  2733
56.259  2736
56.269  2731
56.279  2733
56.289  2731
56.299  2733
56.309  2731
56.319  2731
56.329  2733
56.339  2729
56.349  2733
56.359  2731
56.369  2731
56.379  2733
56.389  2731
56.399  2733
56.409  2733
56.419  2731
56.429  2733
56.439  2731
56.449  2733
56.459  2733
56.469  2731
56.479  2733
56.489  2731
56.499  2731
56.509  2733
56.519  2731
56.529  2733
56.539  2731
56.549  2733
56.559  2733
56.569  2733
56.579  2733
56.589  2729
56.599  2733
56.609  2733
56.619  2731
56.629  2733
56.639  2731
56.649  2733
56.659  2733
56.669  2731
56.679  2733
56.689  2729
56.699  2731
56.709  2731
56.719  2729
56.729  2731
56.739  2731
56.749  2733
56.759  2731
56.769  2733
56.779  2736
56.789  2736
56.799  2738
56.809  2738
56.819  2736
56.829  2736
56.839  2733
56.849  2736
56.859  2733
56.869  2733
56.879  2736
56.889  2731
56.899  2733
56.909  2731
56.919  2731
56.929  2733
56.939  2729
56.949  2731
56.959  2729
56.969  2725
56.979  2725
56.989  2721
56.999  2723
57.009  2719
57.019  2717
57.029  2717
57.039  2715
57.049  2715
57.059  2709
57.069  2707
57.079  2705
57.089  2699
57.099  2695
57.109  2692
57.119  2690
57.129  2686
57.139  2684
57.149  2684
57.159  2682
57.169  2682
57.179  2676
57.189  2672
57.199  2672
57.209  2668
57.219  2668
57.229  2666
57.239  2658
57.249  2658
57.259  2656
57.269  2654
57.279  2651
57.289  2649
57.299  2649
57.309  2645
57.319  2645
57.329  2645
57.339  2645
57.349  2643
57.359  2641
57.369  2641
57.379  2643
57.389  2641
57.399  2643
57.409  2641
57.419  2639
57.429  2639
57.439  2639
57.449  2637
57.459  2635
57.469  2635
57.479  2635
57.489  2635
57.499  2633
57.509  2631
57.519  2631
57.529  2629
57.539  2629
57.549  2627
57.559  2627
57.569  2627
57.579  2629
57.589  2627
57.599  2621
57.609  2611
57.619  2608
57.629  2625
57.639  2625
57.649  2625
57.659  2621
57.669  2625
57.679  2627
57.689  2623
57.699  2625
57.709  2623
57.719  2625
57.729  2625
57.739  2623
57.749  2621
57.759  2619
57.769  2621
57.779  2619
57.789  2619
57.799  2619
57.809  2615
57.819  2615
57.829  2615
57.839  2613
57.849  2613
57.859  2611
57.869  2613
57.879  2611
57.889  2611
57.899  2608
57.909  2608
57.919  2608
57.929  2608
57.939  2608
57.949  2608
57.959  2606
57.969  2608
57.979  2606
57.989  2604
57.999  2608
58.009  2604
58.019  2606
58.029  2606
58.039  2606
58.049  2606
58.059  2604
58.069  2606
58.079  2606
58.089  2606
58.099  2604
58.109  2602
58.119  2604
58.129  2602
58.139  2602
58.149  2602
58.159  2598
58.169  2598
58.179  2594
58.189  2594
58.199  2596
58.209  2594
58.219  2594
58.229  2594
58.239  2594
58.249  2596
58.259  2594
58.269  2596
58.279  2596
58.289  2594
58.299  2596
58.309  2594
58.319  2594
58.329  2596
58.339  2594
58.349  2596
58.359  2588
58.369  2590
58.379  2594
58.389  2594
58.399  2598
58.409  2588
58.419  2594
58.429  2602
58.439  2602
58.449  2602
58.459  2602
58.469  2604
58.479  2602
58.489  2602
58.499  2604
58.509  2604
58.519  2604
58.529  2604
58.539  2604
58.549  2606
58.559  2606
58.569  2606
58.579  2606
58.589  2608
58.599  2611
58.609  2615
58.619  2619
58.629  2619
58.639  2625
58.649  2627
58.659  2627
58.669  2631
58.679  2631
58.689  2631
58.699  2631
58.709  2631
58.719  2631
58.729  2635
58.739  2635
58.749  2639
58.759  2639
58.769  2643
58.779  2643
58.789  2643
58.799  2649
58.809  2649
58.819  2660
58.829  2660
58.839  2662
58.849  2668
58.859  2672
58.869  2674
58.879  2674
58.889  2676
58.899  2676
58.909  2674
58.919  2676
58.929  2680
58.939  2682
58.949  2684
58.959  2682
58.969  2686
58.979  2686
58.989  2692
58.999  2697
59.009  2695
59.019  2697
59.029  2697
59.039  2695
59.049  2692
59.059  2690
59.069  2692
59.079  2695
59.089  2697
59.099  2699
59.109  2697
59.119  2701
59.129  2699
59.139  2701
59.149  2701
59.159  2701
59.169  2703
59.179  2707
59.189  2707
59.199  2707
59.209  2705
59.219  2707
59.229  2707
59.239  2709
59.249  2711
59.259  2717
59.269  2719
59.279  2717
59.289  2719
59.299  2719
59.309  2717
59.319  2719
59.329  2719
59.339  2719
59.349  2721
59.359  2719
59.369  2721
59.379  2723
59.389  2721
59.399  2723
59.409  2721
59.419  2723
59.429  2723
59.439  2719
59.449  2721
59.459  2721
59.469  2723
59.479  2721
59.489  2721
59.499  2723
59.509  2723
59.519  2725
59.529  2725
59.539  2727
59.549  2729
59.559  2731
59.569  2733
59.579  2736
59.589  2738
59.599  2746
59.609  2742
59.619  2746
59.629  2744
59.639  2744
59.649  2746
59.659  2742
59.669  2746
59.679  2746
59.689  2746
59.699  2748
59.709  2746
59.719  2746
59.729  2748
59.739  2746
59.749  2750
59.759  2746
59.769  2750
59.779  2750
59.789  2750
59.799  2752
59.809  2748
59.819  2752
59.829  2752
59.839  2750
59.849  2752
59.859  2750
59.869  2752
59.879  2750
59.889  2750
59.899  2750
59.909  2750
59.919  2750
59.929  2750
59.939  2750
59.949  2750
59.959  2748
59.969  2750
59.979  2750
59.989  2748
59.999  2748
60.009  2742
60.019  2746
60.029  2744
60.039  2744
60.049  2746
60.059  2744
60.069  2746
60.079  2744
60.089  2742
60.099  2746
60.109  2742
60.119  2746
60.129  2744
60.139  2742
60.149  2746
60.159  2744
60.169  2744
60.179  2742
60.189  2740
60.199  2742
60.209  2740
60.219  2738
60.229  2738
60.239  2738
60.249  2740
60.259  2738
60.269  2736
60.279  2738
60.289  2738
60.299  2738
60.309  2738
60.319  2742
60.329  2742
60.339  2740
60.349  2742
60.359  2738
60.369  2738
60.379  2738
60.389  2736
60.399  2736
60.409  2733
60.419  2736
60.429  2733
60.439  2733
60.449  2733
60.459  2736
60.469  2740
60.479  2740
60.489  2740
60.499  2742
60.509  2738
60.519  2740
60.529  2740
60.539  2738
60.549  2738
60.559  2733
60.569  2733
60.579  2729
60.589  2727
60.599  2727
60.609  2723
60.619  2725
60.629  2719
60.639  2719
60.649  2717
60.659  2715
60.669  2715
60.679  2713
60.689  2711
60.699  2709
60.709  2705
60.719  2703
60.729  2701
60.739  2697
60.749  2692
60.759  2686
60.769  2686
60.779  2684
60.789  2682
60.799  2680
60.809  2676
60.819  2678
60.829  2676
60.839  2674
60.849  2674
60.859  2670
60.869  2668
60.879  2666
60.889  2664
60.899  2664
60.909  2660
60.919  2660
60.929  2658
60.939  2654
60.949  2651
