SubjID Series Run Trial  StimID Correct RTime difficulty stim reldiff valence valid Spec1 Spec2 Spec3

000974039052    1    1   64    1  1311804    1    695    4    8    1   31    1      1    180     73
000974039052    1    1   64    2  1345808    0    655    8    8    5   34    1      5    181     84
000974039052    1    1   64    3  1535708    0    760    8    7    5   53    1      5    182    137
000974039052    1    1   64    4  1483706    1    744    6    7    3   48    1      3    183    179
000974039052    1    1   64    5  1481704    1    625    4    7    1   48    1      1    184    180
000974039052    1    1   64    6  1313806    1    729    6    8    3   31    1      3    185    187
000974039052    1    1   64    7  2505708    1    625    8    7    5   50    2      5    186     88
000974039052    1    1   64    8  2285808    1    690    8    8    5   28    2      5    187     91
000974039052    1    1   64    9  2521704    1    674    4    7    1   52    2      1    188    189
000974039052    1    1   64   10  1333806    0    643    6    8    3   33    1      3    189    190
000974039052    1    1   64   11  2553706    1    683    6    7    3   55    2      3    190    199
000974039052    1    1   64   12  2535708    1    876    8    7    5   53    2      5    191     93
000974039052    1    1   64   13  2223806    1    668    6    8    3   22    2      3    192    146
000974039052    1    1   64   14  2251804    1    645    4    8    1   25    2      1    193     70
000974039052    1    1   64   15  1535708    1    685    8    7    5   53    1      5    194    218
000974039052    1    1   64   16  1181804    1    693    4    8    1   18    1      1    195    220
000974039052    1    1   64   17  2503706    1    694    6    7    3   50    2      3    196    214
000974039052    1    1   64   18  1293806    1    894    6    8    3   29    1      3    197     90
000974039052    1    1   64   19  2483706    1    799    6    7    3   48    2      3    198     99
000974039052    1    1   64   20  2295808    1    879    8    8    5   29    2      5    199    107
000974039052    1    1   64   21  1481704    1   1000    4    7    1   48    1      1    200    223
000974039052    1    1   64   22  2221804    1    600    4    8    1   22    2      1    201    114
000974039052    1    1   64   23  1521704    1    640    4    7    1   52    1      1    202    192
000974039052    1    1   64   24  2243806    1    680    6    8    3   24    2      3    203     94
000974039052    1    1   64   25  1543706    0    689    6    7    3   54    1      3    204    222
000974039052    1    1   64   26  1525708    0    673    8    7    5   52    1      5    205    136
000974039052    1    1   64   27  2305808    0   1026    8    8    5   30    2      5    206     34
000974039052    1    1   64   28  2301804    0    642    4    8    1   30    2      1    207     92
000974039052    1    1   64   29  1255808    0    931    8    8    5   25    1      5    208    111
000974039052    1    1   64   30  2521704    1    627    4    7    1   52    2      1    209    152
