SubjID Series Run Trial  StimID Correct RTime difficulty stim reldiff valence valid Spec1 Spec2 Spec3

000974039052     1    2    1  1505708    1    806    8    7    5   50    1      5     30     18
000974039052     1    2    2  2501704    1    590    4    7    1   50    2      1     31     19
000974039052     1    2    3  1523706    0   1174    6    7    3   52    1      3     32     11
000974039052     1    2    4  2535708    1    883    8    7    5   53    2      5     33      0
000974039052     1    2    5  2521704    1    601    4    7    1   52    2      1     34     15
000974039052     1    2    6  2503706    0      0    6    7    3   50    2      3     35      1
000974039052     1    2    7  1531704    1    912    4    7    1   53    1      1     36      7
000974039052     1    2    8  1585708    0    814    8    7    5   58    1      5     37      5
000974039052     1    2    9  2575708    1    749    8    7    5   57    2      5     38      6
000974039052     1    2   10  1573706    1   1048    6    7    3   57    1      3     39     13
000974039052     1    2   11  1521704    1    686    4    7    1   52    1      1     40      2
000974039052     1    2   12  2573706    1    723    6    7    3   57    2      3     41      8
000974039052     1    2   13  1581704    1    895    4    7    1   58    1      1     42      9
000974039052     1    2   14  2553706    1    725    6    7    3   55    2      3     43     10
000974039052     1    2   15  2565708    1    766    8    7    5   56    2      5     44      3
000974039052     1    2   16  1451704    1    821    4    7    1   45    1      1     45      4
000974039052     1    2   17  1525708    1    718    8    7    5   52    1      5     46     16
000974039052     1    2   18  2583706    1    738    6    7    3   58    2      3     47     12
000974039052     1    2   19  1525710    0    962   10    7    5   52    1      5     48     14
000974039052     1    2   20  2503708    1    750    8    7    3   50    2      3     49     17
000974039052     1    2   21  2523708    0    848    8    7    3   52    2      3     50     11
000974039052     1    2   22  1511706    0   1121    6    7    1   51    1      1     51      1
000974039052     1    2   23  1595710    1    740   10    7    5   59    1      5     52      0
000974039052     1    2   24  2521706    1    798    6    7    1   52    2      1     53      8
000974039052     1    2   25  1521704    1    808    4    7    1   52    1      1     54     16
000974039052     1    2   26  2563706    1   1023    6    7    3   56    2      3     55     17
000974039052     1    2   27  2521704    1    766    4    7    1   52    2      1     56     10
000974039052     1    2   28  1545708    1    859    8    7    5   54    1      5     57     13
000974039052     1    2   29  2543706    1    839    6    7    3   54    2      3     58     14
000974039052     1    2   30  1515708    1    971    8    7    5   51    1      5     59      2
