Obj task: Site= 048  ID= 009  Visit= 48  Series= 48 Run= 48 TaskRun= 57
Obj task: Site=      ID= 74039052  Visit= 1  Series= 100 Run= 2 TaskRun= 2
Versions:  Task= 4/79  CIGAL= 4.81.91  CIGAL_VSync= 48150/125
ParamFile: ObjRun/OTAdaptRun2.ppf
StimSet: 1  ObjLists: ObjRun/ot_objtrials11.txt

  StimNum     OnTime       StimID StimFlag     RTimeMS RespKey   CorrectKey Accuracy

      0        0.004            0       0            0       0            0       0
      1        4.006       501100       0            0       0            0       0
      2        5.005            0       0            0       0            0       0
      3        5.509       505408     128            0       0            0       0
      4        9.000            0       0            0       0            0       0
      5       11.006      1505708       1          806     203          203       1
      6       12.000            0       0            0       0            0       0
      7       15.006       505100       0            0       0            0       0
      8       16.005            0       0            0       0            0       0
      9       16.507       501404     128            0       0            0       0
     10       20.000            0       0            0       0            0       0
     11       22.006      2501704       1          590     208          208       1
     12       23.000            0       0            0       0            0       0
     13       26.007       521100       0            0       0            0       0
     14       27.005            0       0            0       0            0       0
     15       27.508       523406     128            0       0            0       0
     16       31.000            0       0            0       0            0       0
     17       33.009      1523706       1         1174     208          203       0
     18       34.000            0       0            0       0            0       0
     19       37.006       531100       0            0       0            0       0
     20       38.035            0       0            0       0            0       0
     21       38.507       535408     128            0       0            0       0
     22       42.000            0       0            0       0            0       0
     23       44.020      2535708       1          883     208          208       1
     24       45.000            0       0            0       0            0       0
     25       48.033       525100       0            0       0            0       0
     26       49.019            0       0            0       0            0       0
     27       49.518       521404     128            0       0            0       0
     28       53.000            0       0            0       0            0       0
     29       55.007      2521704       1          601     208          208       1
     30       56.000            0       0            0       0            0       0
     31       59.014       503100       0            0       0            0       0
     32       60.005            0       0            0       0            0       0
     33       60.507       503406     128            0       0            0       0
     34       64.000            0       0            0       0            0       0
     35       66.007      2503706       1            0       0          208       0
     36       67.000          900       0            0       0            0       0
     37       67.000            0       0            0       0            0       0
     38       70.006       531100       0            0       0            0       0
     39       71.006            0       0            0       0            0       0
     40       71.508       531404     128            0       0            0       0
     41       75.000            0       0            0       0            0       0
     42       77.006      1531704       1          912     203          203       1
     43       78.000            0       0            0       0            0       0
     44       81.007       583100       0            0       0            0       0
     45       82.005            0       0            0       0            0       0
     46       82.507       585408     128            0       0            0       0
     47       86.000            0       0            0       0            0       0
     48       88.010      1585708       1          814     208          203       0
     49       89.000            0       0            0       0            0       0
     50       92.007       571100       0            0       0            0       0
     51       93.005            0       0            0       0            0       0
     52       93.506       575408     128            0       0            0       0
     53       97.000            0       0            0       0            0       0
     54       99.014      2575708       1          749     208          208       1
     55      100.000            0       0            0       0            0       0
     56      103.022       575100       0            0       0            0       0
     57      104.012            0       0            0       0            0       0
     58      104.514       573406     128            0       0            0       0
     59      108.000            0       0            0       0            0       0
     60      110.022      1573706       1         1048     203          203       1
     61      111.000            0       0            0       0            0       0
     62      114.007       521100       0            0       0            0       0
     63      115.007            0       0            0       0            0       0
     64      115.507       521404     128            0       0            0       0
     65      119.000            0       0            0       0            0       0
     66      121.017      1521704       1          686     203          203       1
     67      122.000            0       0            0       0            0       0
     68      125.008       575100       0            0       0            0       0
     69      126.005            0       0            0       0            0       0
     70      126.508       573406     128            0       0            0       0
     71      130.000            0       0            0       0            0       0
     72      132.006      2573706       1          723     208          208       1
     73      133.000          900       0            0       0            0       0
     74      133.000            0       0            0       0            0       0
     75      136.007       585100       0            0       0            0       0
     76      137.006            0       0            0       0            0       0
     77      137.507       581404     128            0       0            0       0
     78      141.000            0       0            0       0            0       0
     79      143.006      1581704       1          895     203          203       1
     80      144.000            0       0            0       0            0       0
     81      147.007       555100       0            0       0            0       0
     82      148.006            0       0            0       0            0       0
     83      148.506       553406     128            0       0            0       0
     84      152.000            0       0            0       0            0       0
     85      154.007      2553706       1          725     208          208       1
     86      155.000            0       0            0       0            0       0
     87      158.007       565100       0            0       0            0       0
     88      159.006            0       0            0       0            0       0
     89      159.513       565408     128            0       0            0       0
     90      163.000            0       0            0       0            0       0
     91      165.007      2565708       1          766     208          208       1
     92      166.000            0       0            0       0            0       0
     93      169.008       451100       0            0       0            0       0
     94      170.005            0       0            0       0            0       0
     95      170.507       451404     128            0       0            0       0
     96      174.000            0       0            0       0            0       0
     97      176.007      1451704       1          821     203          203       1
     98      177.000            0       0            0       0            0       0
     99      180.007       525100       0            0       0            0       0
    100      181.005            0       0            0       0            0       0
    101      181.509       525408     128            0       0            0       0
    102      185.000            0       0            0       0            0       0
    103      187.009      1525708       1          718     203          203       1
    104      188.000            0       0            0       0            0       0
    105      191.013       585100       0            0       0            0       0
    106      192.005            0       0            0       0            0       0
    107      192.507       583406     128            0       0            0       0
    108      196.000            0       0            0       0            0       0
    109      198.009      2583706       1          738     208          208       1
    110      199.000          900       0            0       0            0       0
    111      199.000            0       0            0       0            0       0
    112      202.007       521100       0            0       0            0       0
    113      203.005            0       0            0       0            0       0
    114      203.507       525410     128            0       0            0       0
    115      207.000            0       0            0       0            0       0
    116      209.011      1525710       1          962     208          203       0
    117      210.000            0       0            0       0            0       0
    118      213.007       501100       0            0       0            0       0
    119      214.005            0       0            0       0            0       0
    120      214.506       503408     128            0       0            0       0
    121      218.000            0       0            0       0            0       0
    122      220.007      2503708       1          750     208          208       1
    123      221.000            0       0            0       0            0       0
    124      224.007       523100       0            0       0            0       0
    125      225.006            0       0            0       0            0       0
    126      225.508       523408     128            0       0            0       0
    127      229.000            0       0            0       0            0       0
    128      231.016      2523708       1          848     203          208       0
    129      232.000            0       0            0       0            0       0
    130      235.036       511100       0            0       0            0       0
    131      236.016            0       0            0       0            0       0
    132      236.507       511406     128            0       0            0       0
    133      240.000            0       0            0       0            0       0
    134      242.006      1511706       1         1121     208          203       0
    135      243.000            0       0            0       0            0       0
    136      246.008       591100       0            0       0            0       0
    137      247.012            0       0            0       0            0       0
    138      247.508       595410     128            0       0            0       0
    139      251.000            0       0            0       0            0       0
    140      253.008      1595710       1          740     203          203       1
    141      254.000            0       0            0       0            0       0
    142      257.014       523100       0            0       0            0       0
    143      258.005            0       0            0       0            0       0
    144      258.510       521406     128            0       0            0       0
    145      262.000            0       0            0       0            0       0
    146      264.007      2521706       1          798     208          208       1
    147      265.000          900       0            0       0            0       0
    148      265.000            0       0            0       0            0       0
    149      268.024       521100       0            0       0            0       0
    150      269.005            0       0            0       0            0       0
    151      269.511       521404     128            0       0            0       0
    152      273.000            0       0            0       0            0       0
    153      275.010      1521704       1          808     203          203       1
    154      276.000            0       0            0       0            0       0
    155      279.007       563100       0            0       0            0       0
    156      280.015            0       0            0       0            0       0
    157      280.506       563406     128            0       0            0       0
    158      284.000            0       0            0       0            0       0
    159      286.029      2563706       1         1023     208          208       1
    160      287.000            0       0            0       0            0       0
    161      290.035       523100       0            0       0            0       0
    162      291.022            0       0            0       0            0       0
    163      291.537       521404     128            0       0            0       0
    164      295.000            0       0            0       0            0       0
    165      297.006      2521704       1          766     208          208       1
    166      298.000            0       0            0       0            0       0
    167      301.023       543100       0            0       0            0       0
    168      302.014            0       0            0       0            0       0
    169      302.513       545408     128            0       0            0       0
    170      306.000            0       0            0       0            0       0
    171      308.006      1545708       1          859     203          203       1
    172      309.000            0       0            0       0            0       0
    173      312.007       545100       0            0       0            0       0
    174      313.010            0       0            0       0            0       0
    175      313.508       543406     128            0       0            0       0
    176      317.000            0       0            0       0            0       0
    177      319.016      2543706       1          839     208          208       1
    178      320.000            0       0            0       0            0       0
    179      323.007       511100       0            0       0            0       0
    180      324.005            0       0            0       0            0       0
    181      324.510       515408     128            0       0            0       0
    182      328.000            0       0            0       0            0       0
    183      330.007      1515708       1          971     203          203       1
    184      331.000          900       0            0       0            0       0
    185      331.000            0       0            0       0            0       0
    186      335.000            0       0            0       0            0       0

Stim       Id Diff Order Obj Lvl  

   30  505408    8   18 2959    3    1    0 
   31  501404    4   19 3072    3    1    0 
   32  523406    6   11 2775    3    1    0 
   33  535408    8    0 1396    3    1    0 
   34  521404    4   15 1130    3    1    0 
   35  503406    6    1 2229    3    1    0 
   36  531404    4    7  951    3    1    0 
   37  585408    8    5  526    3    1    0 
   38  575408    8    6 2718    3    1    0 
   39  573406    6   13 3063    3    1    0 
   40  521404    4    2 1721    3    1    0 
   41  573406    6    8 1803    3    1    0 
   42  581404    4    9 1060    3    1    0 
   43  553406    6   10 1153    3    1    0 
   44  565408    8    3 1513    3    1    0 
   45  451404    4    4 1305    3    1    0 
   46  525408    8   16 2544    3    1    0 
   47  583406    6   12 2483    3    1    0 
   48  525410   10   14 3257    5    1    0 
   49  503408    8   17 1710    5    1    0 
   50  523408    8   11 1050    5    1    0 
   51  511406    6    1 1259    5    1    0 
   52  595410   10    0  728    5    1    0 
   53  521406    6    8 1049    5    1    0 
   54  521404    4   16 2058    3    1    0 
   55  563406    6   17 2300    3    1    0 
   56  521404    4   10  937    3    1    0 
   57  545408    8   13 1333    3    1    0 
   58  543406    6   14  177    3    1    0 
   59  515408    8    2 1898    3    1    0 

Trial      Id Diff  Lvl  Obj Stim  Ans Resp  Acc     RT

    1 1505708    8    3 2959   30  203  203    1    806
    2 2501704    4    3 2469   31  208  208    1    590
    3 1523706    6    3 2775   32  203  208    0   1174
    4 2535708    8    3 2315   33  208  208    1    883
    5 2521704    4    3 1200   34  208  208    1    601
    6 2503706    6    3 1866   35  208    0    0      0
    7 1531704    4    3  951   36  203  203    1    912
    8 1585708    8    3  526   37  203  208    0    814
    9 2575708    8    3 3352   38  208  208    1    749
   10 1573706    6    3 3063   39  203  203    1   1048
   11 1521704    4    3 1721   40  203  203    1    686
   12 2573706    6    3 1973   41  208  208    1    723
   13 1581704    4    3 1060   42  203  203    1    895
   14 2553706    6    3 1848   43  208  208    1    725
   15 2565708    8    3   41   44  208  208    1    766
   16 1451704    4    3 1305   45  203  203    1    821
   17 1525708    8    3 2544   46  203  203    1    718
   18 2583706    6    3 3109   47  208  208    1    738
   19 1525710   10    5 3257   48  203  208    0    962
   20 2503708    8    5 2397   49  208  208    1    750
   21 2523708    8    5 2421   50  208  203    0    848
   22 1511706    6    5 1259   51  203  208    0   1121
   23 1595710   10    5  728   52  203  203    1    740
   24 2521706    6    5 1900   53  208  208    1    798
   25 1521704    4    3 2058   54  203  203    1    808
   26 2563706    6    3  816   55  208  208    1   1023
   27 2521704    4    3 1904   56  208  208    1    766
   28 1545708    8    3 1333   57  203  203    1    859
   29 2543706    6    3  977   58  208  208    1    839
   30 1515708    8    3 1898   59  203  203    1    971

Summary table:
 Nobjs Ntrials Accuracy RespTime

     1      0      0      0      0 
     2      0      0      0      0 
     3      0      0      0      0 
     4      8    100    760      0 
     5      0      0      0      0 
     6     10     70    819      0 
     7      0      0      0      0 
     8     10     80    816      0 
     9      0      0      0      0 
    10      2     50    851      0 

Adaptlevel  final= 5  mean= 3.8  use=3

adaptlvl = 3
