   4.0     1.0  1
  15.0     1.0  1
  26.0     1.0  1
  37.0     1.0  1
  48.0     1.0  1
  59.0     1.0  1
  70.0     1.0  1
  81.0     1.0  1
  92.0     1.0  1
 103.0     1.0  1
 114.0     1.0  1
 125.0     1.0  1
 136.0     1.0  1
 147.0     1.0  1
 158.0     1.0  1
 169.0     1.0  1
 180.0     1.0  1
 191.0     1.0  1
 202.0     1.0  1
 213.0     1.0  1
 224.0     1.0  1
 235.0     1.0  1
 246.0     1.0  1
 257.0     1.0  1
 268.0     1.0  1
 279.0     1.0  1
 290.0     1.0  1
 301.0     1.0  1
 312.0     1.0  1
 323.0     1.0  1
