Obj task: Site= 0009  ID= 000974039052  Visit= 1  Series= 10 Run= 62 TaskRun= 62 Subjflag= 1
Versions:  Task= 4/87  CIGAL= 4.81.91  CIGAL_VSync= 48150/124
ParamFile: ObjRun/OTRun62.ppf
StimSet: 7  ObjLists: ObjRun/ot_objtrials11_7.txt

  StimNum     OnTime       StimID StimFlag     RTimeMS RespKey   CorrectKey Accuracy

      0        0.001            0       0            0       0            0       0
      1        3.989       225200       0            0       0            0       0
      2        4.988            0       0            0       0            0       0
      3        5.489       225508     128            0       0            0       0
      4        8.987            0       0            0       0            0       0
      5       10.989      1225808       1          727      50           49       0
      6       11.987            0       0            0       0            0       0
      7       17.989       503100       0            0       0            0       0
      8       18.988            0       0            0       0            0       0
      9       19.489       503406     128            0       0            0       0
     10       22.987            0       0            0       0            0       0
     11       24.989      1503706       1          823      49           49       1
     12       25.987            0       0            0       0            0       0
     13       31.989       320600       0            0       0            0       0
     14       32.988            0       0            0       0            0       0
     15       37.989       315200       0            0       0            0       0
     16       38.988            0       0            0       0            0       0
     17       39.489       315508     128            0       0            0       0
     18       42.987            0       0            0       0            0       0
     19       44.989      2315808       1          664      50           50       1
     20       45.987            0       0            0       0            0       0
     21       47.989       515100       0            0       0            0       0
     22       48.988            0       0            0       0            0       0
     23       49.489       515408     128            0       0            0       0
     24       52.987            0       0            0       0            0       0
     25       54.989      2515708       1          600      50           50       1
     26       55.987            0       0            0       0            0       0
     27       61.989       511100       0            0       0            0       0
     28       62.988            0       0            0       0            0       0
     29       63.489       511404     128            0       0            0       0
     30       66.987            0       0            0       0            0       0
     31       68.989      1511704       1          521      49           49       1
     32       69.987            0       0            0       0            0       0
     33       71.989       520300       0            0       0            0       0
     34       72.988            0       0            0       0            0       0
     35       79.989       273200       0            0       0            0       0
     36       80.988            0       0            0       0            0       0
     37       81.489       273506     128            0       0            0       0
     38       84.987            0       0            0       0            0       0
     39       86.989      1273806       1          841      50           49       0
     40       87.987            0       0            0       0            0       0
     41       89.989       340600       0            0       0            0       0
     42       90.988            0       0            0       0            0       0
     43       95.989       535100       0            0       0            0       0
     44       96.988            0       0            0       0            0       0
     45       97.489       535408     128            0       0            0       0
     46      100.987            0       0            0       0            0       0
     47      102.989      1535708       1          578      49           49       1
     48      103.987            0       0            0       0            0       0
     49      107.989       291200       0            0       0            0       0
     50      108.988            0       0            0       0            0       0
     51      109.489       291504     128            0       0            0       0
     52      112.987            0       0            0       0            0       0
     53      114.989      2291804       1          562      50           50       1
     54      115.987            0       0            0       0            0       0
     55      117.989       453100       0            0       0            0       0
     56      118.988            0       0            0       0            0       0
     57      119.489       453406     128            0       0            0       0
     58      122.987            0       0            0       0            0       0
     59      124.989      2453706       1          667      50           50       1
     60      125.987            0       0            0       0            0       0
     61      127.989       325200       0            0       0            0       0
     62      128.988            0       0            0       0            0       0
     63      129.489       325508     128            0       0            0       0
     64      132.987            0       0            0       0            0       0
     65      134.989      1325808       1          691      49           49       1
     66      135.987            0       0            0       0            0       0
     67      139.989       521100       0            0       0            0       0
     68      140.988            0       0            0       0            0       0
     69      141.489       521404     128            0       0            0       0
     70      144.987            0       0            0       0            0       0
     71      146.989      1521704       1          715      49           49       1
     72      147.987            0       0            0       0            0       0
     73      149.989       263200       0            0       0            0       0
     74      150.988            0       0            0       0            0       0
     75      151.489       263506     128            0       0            0       0
     76      154.987            0       0            0       0            0       0
     77      156.989      1263806       1          835      49           49       1
     78      157.987            0       0            0       0            0       0
     79      159.989       553100       0            0       0            0       0
     80      160.988            0       0            0       0            0       0
     81      161.489       553406     128            0       0            0       0
     82      164.987            0       0            0       0            0       0
     83      166.989      2553706       1          812      50           50       1
     84      167.987            0       0            0       0            0       0
     85      171.989       341200       0            0       0            0       0
     86      172.988            0       0            0       0            0       0
     87      173.489       341504     128            0       0            0       0
     88      176.987            0       0            0       0            0       0
     89      178.989      2341804       1          692      50           50       1
     90      179.987            0       0            0       0            0       0
     91      181.989       515100       0            0       0            0       0
     92      182.988            0       0            0       0            0       0
     93      183.489       515408     128            0       0            0       0
     94      186.987            0       0            0       0            0       0
     95      188.989      1515708       1         1133      49           49       1
     96      189.987            0       0            0       0            0       0
     97      191.989       321200       0            0       0            0       0
     98      192.988            0       0            0       0            0       0
     99      193.489       321504     128            0       0            0       0
    100      196.987            0       0            0       0            0       0
    101      198.989      1321804       1          669      49           49       1
    102      199.987            0       0            0       0            0       0
    103      201.989       270600       0            0       0            0       0
    104      202.988            0       0            0       0            0       0
    105      209.989       303200       0            0       0            0       0
    106      210.988            0       0            0       0            0       0
    107      211.489       303506     128            0       0            0       0
    108      214.987            0       0            0       0            0       0
    109      216.989      1303806       1          709      49           49       1
    110      217.987            0       0            0       0            0       0
    111      225.989       550300       0            0       0            0       0
    112      226.988            0       0            0       0            0       0
    113      231.989       453100       0            0       0            0       0
    114      232.988            0       0            0       0            0       0
    115      233.489       453406     128            0       0            0       0
    116      236.987            0       0            0       0            0       0
    117      238.989      1453706       1          494      49           49       1
    118      239.987            0       0            0       0            0       0
    119      241.989       500300       0            0       0            0       0
    120      242.988            0       0            0       0            0       0
    121      247.989       293200       0            0       0            0       0
    122      248.988            0       0            0       0            0       0
    123      249.489       293506     128            0       0            0       0
    124      252.987            0       0            0       0            0       0
    125      254.989      2293806       1          695      50           50       1
    126      255.987            0       0            0       0            0       0
    127      257.989       525100       0            0       0            0       0
    128      258.988            0       0            0       0            0       0
    129      259.489       525408     128            0       0            0       0
    130      262.987            0       0            0       0            0       0
    131      264.989      1525708       1          671      49           49       1
    132      265.987            0       0            0       0            0       0
    133      267.989       313200       0            0       0            0       0
    134      268.988            0       0            0       0            0       0
    135      269.489       313506     128            0       0            0       0
    136      272.987            0       0            0       0            0       0
    137      274.989      2313806       1          719      50           50       1
    138      275.987            0       0            0       0            0       0
    139      277.989       501100       0            0       0            0       0
    140      278.988            0       0            0       0            0       0
    141      279.489       501404     128            0       0            0       0
    142      282.987            0       0            0       0            0       0
    143      284.989      2501704       1          776      50           50       1
    144      285.987            0       0            0       0            0       0
    145      287.989       345200       0            0       0            0       0
    146      288.988            0       0            0       0            0       0
    147      289.489       345508     128            0       0            0       0
    148      292.987            0       0            0       0            0       0
    149      294.989      2345808       1          744      50           50       1
    150      295.987            0       0            0       0            0       0
    151      297.989       503100       0            0       0            0       0
    152      298.988            0       0            0       0            0       0
    153      299.489       503406     128            0       0            0       0
    154      302.987            0       0            0       0            0       0
    155      304.989      2503706       1          712      50           50       1
    156      305.987            0       0            0       0            0       0
    157      307.989       201200       0            0       0            0       0
    158      308.988            0       0            0       0            0       0
    159      309.489       201504     128            0       0            0       0
    160      312.987            0       0            0       0            0       0
    161      314.989      2201804       1          761      50           50       1
    162      315.987            0       0            0       0            0       0
    163      319.989       471100       0            0       0            0       0
    164      320.988            0       0            0       0            0       0
    165      321.489       471404     128            0       0            0       0
    166      324.987            0       0            0       0            0       0
    167      326.989      1471704       1          721      50           49       0
    168      327.987            0       0            0       0            0       0
    169      331.989       325200       0            0       0            0       0
    170      332.988            0       0            0       0            0       0
    171      333.489       325508     128            0       0            0       0
    172      336.987            0       0            0       0            0       0
    173      338.989      2325808       1          793      50           50       1
    174      339.987            0       0            0       0            0       0
    175      343.989       190600       0            0       0            0       0
    176      344.988            0       0            0       0            0       0
    177      349.989       491100       0            0       0            0       0
    178      350.988            0       0            0       0            0       0
    179      351.489       491404     128            0       0            0       0
    180      354.987            0       0            0       0            0       0
    181      356.989      2491704       1          554      50           50       1
    182      357.987            0       0            0       0            0       0
    183      361.989       505100       0            0       0            0       0
    184      362.988            0       0            0       0            0       0
    185      363.489       505408     128            0       0            0       0
    186      366.987            0       0            0       0            0       0
    187      368.989      2505708       1          770      50           50       1
    188      369.987            0       0            0       0            0       0
    189      373.989       500300       0            0       0            0       0
    190      374.988            0       0            0       0            0       0
    191      379.989       201200       0            0       0            0       0
    192      380.988            0       0            0       0            0       0
    193      381.489       201504     128            0       0            0       0
    194      384.987            0       0            0       0            0       0
    195      386.989      1201804       1          819      49           49       1
    196      387.987            0       0            0       0            0       0
    197      400.987            0       0            0       0            0       0

Stim       Id Diff Order Obj Lvl  

  120  225508    8   61  831    3    1    0 
  121  503406    6   54 2749    3    1    0 
  122  315508    8   42 1695    3    1    0 
  123  515408    8   43 1240    3    1    0 
  124  511404    4   53 1184    3    1    0 
  125  273506    6   23  571    3    1    0 
  126  535408    8   45  468    3    1    0 
  127  291504    4   24 2868    3    1    0 
  128  453406    6   20 2221    3    1    0 
  129  325508    8   47  385    3    1    0 
  130  521404    4   25 1385    3    1    0 
  131  263506    6   37 1543    3    1    0 
  132  553406    6   22 1359    3    1    0 
  133  341504    4   69 1831    3    1    0 
  134  515408    8  121 2754    3    1    0 
  135  321504    4   44 3177    3    1    0 
  136  303506    6  102 2849    3    1    0 
  137  453406    6   27  409    3    1    0 
  138  293506    6   72  387    3    1    0 
  139  525408    8   78 1720    3    1    0 
  140  313506    6   28 1895    3    1    0 
  141  501404    4  105 1494    3    1    0 
  142  345508    8  123   30    3    1    0 
  143  503406    6   17 2956    3    1    0 
  144  201504    4  100 2049    3    1    0 
  145  471404    4   64 2069    3    1    0 
  146  325508    8   50  635    3    1    0 
  147  491404    4   56  791    3    1    0 
  148  505408    8  108 2287    3    1    0 
  149  201504    4  135 2295    3    1    0 

Trial      Id Diff  Lvl  Obj Stim  Ans Resp  Acc     RT

    1 1225808    8    3  831  120   49   50    0    727
    2 1503706    6    3 2749  121   49   49    1    823
    3 2315808    8    3 3325  122   50   50    1    664
    4 2515708    8    3 2962  123   50   50    1    600
    5 1511704    4    3 1184  124   49   49    1    521
    6 1273806    6    3  571  125   49   50    0    841
    7 1535708    8    3  468  126   49   49    1    578
    8 2291804    4    3 2027  127   50   50    1    562
    9 2453706    6    3  439  128   50   50    1    667
   10 1325808    8    3  385  129   49   49    1    691
   11 1521704    4    3 1385  130   49   49    1    715
   12 1263806    6    3 1543  131   49   49    1    835
   13 2553706    6    3 2759  132   50   50    1    812
   14 2341804    4    3 1163  133   50   50    1    692
   15 1515708    8    3 2754  134   49   49    1   1133
   16 1321804    4    3 3177  135   49   49    1    669
   17 1303806    6    3 2849  136   49   49    1    709
   18 1453706    6    3  409  137   49   49    1    494
   19 2293806    6    3 1680  138   50   50    1    695
   20 1525708    8    3 1720  139   49   49    1    671
   21 2313806    6    3 1244  140   50   50    1    719
   22 2501704    4    3 2608  141   50   50    1    776
   23 2345808    8    3 3233  142   50   50    1    744
   24 2503706    6    3 3281  143   50   50    1    712
   25 2201804    4    3 2400  144   50   50    1    761
   26 1471704    4    3 2069  145   49   50    0    721
   27 2325808    8    3 1854  146   50   50    1    793
   28 2491704    4    3 3128  147   50   50    1    554
   29 2505708    8    3  554  148   50   50    1    770
   30 1201804    4    3 2295  149   49   49    1    819

Summary table:
 Nobjs Ntrials Accuracy RespTime

     1      0      0      0      0 
     2      0      0      0      0 
     3      0      0      0      0 
     4     10     90    679      0 
     5      0      0      0      0 
     6     10     90    731      0 
     7      0      0      0      0 
     8     10     90    737      0 
     0      0      0      0      0 
     0      0      0      0      0 

adaptlvl = 3
