SubjID Series Run Trial  StimID Correct RTime difficulty stim reldiff valence valid Spec1 Spec2 Spec3

000974039052    1    1   62    1  1225808    0    727    8    8    5   22    1      5    120     61
000974039052    1    1   62    2  1503706    1    823    6    7    3   50    1      3    121     54
000974039052    1    1   62    3  2315808    1    664    8    8    5   31    2      5    122     42
000974039052    1    1   62    4  2515708    1    600    8    7    5   51    2      5    123     43
000974039052    1    1   62    5  1511704    1    521    4    7    1   51    1      1    124     53
000974039052    1    1   62    6  1273806    0    841    6    8    3   27    1      3    125     23
000974039052    1    1   62    7  1535708    1    578    8    7    5   53    1      5    126     45
000974039052    1    1   62    8  2291804    1    562    4    8    1   29    2      1    127     24
000974039052    1    1   62    9  2453706    1    667    6    7    3   45    2      3    128     20
000974039052    1    1   62   10  1325808    1    691    8    8    5   32    1      5    129     47
000974039052    1    1   62   11  1521704    1    715    4    7    1   52    1      1    130     25
000974039052    1    1   62   12  1263806    1    835    6    8    3   26    1      3    131     37
000974039052    1    1   62   13  2553706    1    812    6    7    3   55    2      3    132     22
000974039052    1    1   62   14  2341804    1    692    4    8    1   34    2      1    133     69
000974039052    1    1   62   15  1515708    1   1133    8    7    5   51    1      5    134    121
000974039052    1    1   62   16  1321804    1    669    4    8    1   32    1      1    135     44
000974039052    1    1   62   17  1303806    1    709    6    8    3   30    1      3    136    102
000974039052    1    1   62   18  1453706    1    494    6    7    3   45    1      3    137     27
000974039052    1    1   62   19  2293806    1    695    6    8    3   29    2      3    138     72
000974039052    1    1   62   20  1525708    1    671    8    7    5   52    1      5    139     78
000974039052    1    1   62   21  2313806    1    719    6    8    3   31    2      3    140     28
000974039052    1    1   62   22  2501704    1    776    4    7    1   50    2      1    141    105
000974039052    1    1   62   23  2345808    1    744    8    8    5   34    2      5    142    123
000974039052    1    1   62   24  2503706    1    712    6    7    3   50    2      3    143     17
000974039052    1    1   62   25  2201804    1    761    4    8    1   20    2      1    144    100
000974039052    1    1   62   26  1471704    0    721    4    7    1   47    1      1    145     64
000974039052    1    1   62   27  2325808    1    793    8    8    5   32    2      5    146     50
000974039052    1    1   62   28  2491704    1    554    4    7    1   49    2      1    147     56
000974039052    1    1   62   29  2505708    1    770    8    7    5   50    2      5    148    108
000974039052    1    1   62   30  1201804    1    819    4    8    1   20    1      1    149    135
