Obj task: Site= 0009  ID= 000974039052  Visit= 1  Series= 16 Run= 65 TaskRun= 65 Subjflag= 1
Versions:  Task= 4/87  CIGAL= 4.81.91  CIGAL_VSync= 48150/124
ParamFile: ObjRun/OTRun65.ppf
StimSet: 7  ObjLists: ObjRun/ot_objtrials11_7.txt

  StimNum     OnTime       StimID StimFlag     RTimeMS RespKey   CorrectKey Accuracy

      0        0.001            0       0            0       0            0       0
      1        3.989       270600       0            0       0            0       0
      2        4.988            0       0            0       0            0       0
      3        9.989       501100       0            0       0            0       0
      4       10.988            0       0            0       0            0       0
      5       11.489       501404     128            0       0            0       0
      6       14.987            0       0            0       0            0       0
      7       16.989      1501704       1          527      49           49       1
      8       17.987            0       0            0       0            0       0
      9       23.989       341200       0            0       0            0       0
     10       24.988            0       0            0       0            0       0
     11       25.489       341504     128            0       0            0       0
     12       28.987            0       0            0       0            0       0
     13       30.989      2341804       1          720      50           50       1
     14       31.987            0       0            0       0            0       0
     15       35.989       521100       0            0       0            0       0
     16       36.988            0       0            0       0            0       0
     17       37.489       521404     128            0       0            0       0
     18       40.987            0       0            0       0            0       0
     19       42.989      2521704       1          704      50           50       1
     20       43.987            0       0            0       0            0       0
     21       45.989       550300       0            0       0            0       0
     22       46.988            0       0            0       0            0       0
     23       53.989       505100       0            0       0            0       0
     24       54.988            0       0            0       0            0       0
     25       55.489       505408     128            0       0            0       0
     26       58.987            0       0            0       0            0       0
     27       60.989      1505708       1          904      49           49       1
     28       61.987            0       0            0       0            0       0
     29       63.989       253200       0            0       0            0       0
     30       64.988            0       0            0       0            0       0
     31       65.489       253506     128            0       0            0       0
     32       68.987            0       0            0       0            0       0
     33       70.989      1253806       1          497      49           49       1
     34       71.987            0       0            0       0            0       0
     35       73.989       553100       0            0       0            0       0
     36       74.988            0       0            0       0            0       0
     37       75.489       553406     128            0       0            0       0
     38       78.987            0       0            0       0            0       0
     39       80.989      1553706       1          625      49           49       1
     40       81.987            0       0            0       0            0       0
     41       83.989       315200       0            0       0            0       0
     42       84.988            0       0            0       0            0       0
     43       85.489       315508     128            0       0            0       0
     44       88.987            0       0            0       0            0       0
     45       90.989      1315808       1          905      49           49       1
     46       91.987            0       0            0       0            0       0
     47       93.989       533100       0            0       0            0       0
     48       94.988            0       0            0       0            0       0
     49       95.489       533406     128            0       0            0       0
     50       98.987            0       0            0       0            0       0
     51      100.989      2533706       1          754      50           50       1
     52      101.987            0       0            0       0            0       0
     53      107.989       193200       0            0       0            0       0
     54      108.988            0       0            0       0            0       0
     55      109.489       193506     128            0       0            0       0
     56      112.987            0       0            0       0            0       0
     57      114.989      2193806       1          594      50           50       1
     58      115.987            0       0            0       0            0       0
     59      117.989       455100       0            0       0            0       0
     60      118.988            0       0            0       0            0       0
     61      119.489       455408     128            0       0            0       0
     62      122.987            0       0            0       0            0       0
     63      124.989      1455708       1          635      50           49       0
     64      125.987            0       0            0       0            0       0
     65      129.989       255200       0            0       0            0       0
     66      130.988            0       0            0       0            0       0
     67      131.489       255508     128            0       0            0       0
     68      134.987            0       0            0       0            0       0
     69      136.989      2255808       1          675      50           50       1
     70      137.987            0       0            0       0            0       0
     71      143.989       550300       0            0       0            0       0
     72      144.988            0       0            0       0            0       0
     73      149.989       473100       0            0       0            0       0
     74      150.988            0       0            0       0            0       0
     75      151.489       473406     128            0       0            0       0
     76      154.987            0       0            0       0            0       0
     77      156.989      2473706       1          596      50           50       1
     78      157.987            0       0            0       0            0       0
     79      159.989       173200       0            0       0            0       0
     80      160.988            0       0            0       0            0       0
     81      161.489       173506     128            0       0            0       0
     82      164.987            0       0            0       0            0       0
     83      166.989      1173806       1         1124      50           49       0
     84      167.987            0       0            0       0            0       0
     85      171.989       531100       0            0       0            0       0
     86      172.988            0       0            0       0            0       0
     87      173.489       531404     128            0       0            0       0
     88      176.987            0       0            0       0            0       0
     89      178.989      1531704       1          492      49           49       1
     90      179.987            0       0            0       0            0       0
     91      181.989       251200       0            0       0            0       0
     92      182.988            0       0            0       0            0       0
     93      183.489       251504     128            0       0            0       0
     94      186.987            0       0            0       0            0       0
     95      188.989      2251804       1          621      50           50       1
     96      189.987            0       0            0       0            0       0
     97      193.989       280600       0            0       0            0       0
     98      194.988            0       0            0       0            0       0
     99      199.989       525100       0            0       0            0       0
    100      200.988            0       0            0       0            0       0
    101      201.489       525408     128            0       0            0       0
    102      204.987            0       0            0       0            0       0
    103      206.989      2525708       1          653      50           50       1
    104      207.987            0       0            0       0            0       0
    105      209.989       215200       0            0       0            0       0
    106      210.988            0       0            0       0            0       0
    107      211.489       215508     128            0       0            0       0
    108      214.987            0       0            0       0            0       0
    109      216.989      1215808       1          709      50           49       0
    110      217.987            0       0            0       0            0       0
    111      219.989       260600       0            0       0            0       0
    112      220.988            0       0            0       0            0       0
    113      225.989       251200       0            0       0            0       0
    114      226.988            0       0            0       0            0       0
    115      227.489       251504     128            0       0            0       0
    116      230.987            0       0            0       0            0       0
    117      232.989      1251804       1          910      50           49       0
    118      233.987            0       0            0       0            0       0
    119      239.989       245200       0            0       0            0       0
    120      240.988            0       0            0       0            0       0
    121      241.489       245508     128            0       0            0       0
    122      244.987            0       0            0       0            0       0
    123      246.989      2245808       1          671      50           50       1
    124      247.987            0       0            0       0            0       0
    125      251.989       525100       0            0       0            0       0
    126      252.988            0       0            0       0            0       0
    127      253.489       525408     128            0       0            0       0
    128      256.987            0       0            0       0            0       0
    129      258.989      1525708       1          927      50           49       0
    130      259.987            0       0            0       0            0       0
    131      261.989       510300       0            0       0            0       0
    132      262.988            0       0            0       0            0       0
    133      267.989       241200       0            0       0            0       0
    134      268.988            0       0            0       0            0       0
    135      269.489       241504     128            0       0            0       0
    136      272.987            0       0            0       0            0       0
    137      274.989      1241804       1          551      49           49       1
    138      275.987            0       0            0       0            0       0
    139      277.989       493100       0            0       0            0       0
    140      278.988            0       0            0       0            0       0
    141      279.489       493406     128            0       0            0       0
    142      282.987            0       0            0       0            0       0
    143      284.989      2493706       1          640      50           50       1
    144      285.987            0       0            0       0            0       0
    145      287.989       271200       0            0       0            0       0
    146      288.988            0       0            0       0            0       0
    147      289.489       271504     128            0       0            0       0
    148      292.987            0       0            0       0            0       0
    149      294.989      2271804       1          680      50           50       1
    150      295.987            0       0            0       0            0       0
    151      297.989       481100       0            0       0            0       0
    152      298.988            0       0            0       0            0       0
    153      299.489       481404     128            0       0            0       0
    154      302.987            0       0            0       0            0       0
    155      304.989      2481704       1          696      50           50       1
    156      305.987            0       0            0       0            0       0
    157      309.989       233200       0            0       0            0       0
    158      310.988            0       0            0       0            0       0
    159      311.489       233506     128            0       0            0       0
    160      314.987            0       0            0       0            0       0
    161      316.989      1233806       1          561      49           49       1
    162      317.987            0       0            0       0            0       0
    163      319.989       310600       0            0       0            0       0
    164      320.988            0       0            0       0            0       0
    165      327.989       473100       0            0       0            0       0
    166      328.988            0       0            0       0            0       0
    167      329.489       473406     128            0       0            0       0
    168      332.987            0       0            0       0            0       0
    169      334.989      1473706       1          585      49           49       1
    170      335.987            0       0            0       0            0       0
    171      339.989       510300       0            0       0            0       0
    172      340.988            0       0            0       0            0       0
    173      345.989       255200       0            0       0            0       0
    174      346.988            0       0            0       0            0       0
    175      347.489       255508     128            0       0            0       0
    176      350.987            0       0            0       0            0       0
    177      352.989      2255808       1          650      50           50       1
    178      353.987            0       0            0       0            0       0
    179      355.989       495100       0            0       0            0       0
    180      356.988            0       0            0       0            0       0
    181      357.489       495408     128            0       0            0       0
    182      360.987            0       0            0       0            0       0
    183      362.989      2495708       1          674      50           50       1
    184      363.987            0       0            0       0            0       0
    185      367.989       571100       0            0       0            0       0
    186      368.988            0       0            0       0            0       0
    187      369.489       571404     128            0       0            0       0
    188      372.987            0       0            0       0            0       0
    189      374.989      1571704       1          763      49           49       1
    190      375.987            0       0            0       0            0       0
    191      377.989       333200       0            0       0            0       0
    192      378.988            0       0            0       0            0       0
    193      379.489       333506     128            0       0            0       0
    194      382.987            0       0            0       0            0       0
    195      384.989      2333806       1          747      50           50       1
    196      385.987            0       0            0       0            0       0
    197      400.987            0       0            0       0            0       0

Stim       Id Diff Order Obj Lvl  

  210  501404    4   35 2879    3    1    0 
  211  341504    4  229  965    3    1    0 
  212  521404    4   76 3194    3    1    0 
  213  505408    8  158   47    3    1    0 
  214  253506    6  231  664    3    1    0 
  215  553406    6  227 1439    3    1    0 
  216  315508    8  112 2977    3    1    0 
  217  533406    6  200 1974    3    1    0 
  218  193506    6  117 2535    3    1    0 
  219  455408    8  125 1003    3    1    0 
  220  255508    8  170 1085    3    1    0 
  221  473406    6  178 1731    3    1    0 
  222  173506    6  202  259    3    1    0 
  223  531404    4  185 1722    3    1    0 
  224  251504    4  195  987    3    1    0 
  225  525408    8  212  820    3    1    0 
  226  215508    8  149  824    3    1    0 
  227  251504    4  159  196    3    1    0 
  228  245508    8  131  474    3    1    0 
  229  525408    8  238 1181    3    1    0 
  230  241504    4  181  377    3    1    0 
  231  493406    6  164  332    3    1    0 
  232  271504    4   63 1800    3    1    0 
  233  481404    4  197 2214    3    1    0 
  234  233506    6  138 1484    3    1    0 
  235  473406    6  239 2271    3    1    0 
  236  255508    8  119 2008    3    1    0 
  237  495408    8   48  326    3    1    0 
  238  571404    4  213 3157    3    1    0 
  239  333506    6  232 1790    3    1    0 

Trial      Id Diff  Lvl  Obj Stim  Ans Resp  Acc     RT

    1 1501704    4    3 2879  210   49   49    1    527
    2 2341804    4    3  405  211   50   50    1    720
    3 2521704    4    3 2516  212   50   50    1    704
    4 1505708    8    3   47  213   49   49    1    904
    5 1253806    6    3  664  214   49   49    1    497
    6 1553706    6    3 1439  215   49   49    1    625
    7 1315808    8    3 2977  216   49   49    1    905
    8 2533706    6    3  743  217   50   50    1    754
    9 2193806    6    3 2123  218   50   50    1    594
   10 1455708    8    3 1003  219   49   50    0    635
   11 2255808    8    3 1104  220   50   50    1    675
   12 2473706    6    3  981  221   50   50    1    596
   13 1173806    6    3  259  222   49   50    0   1124
   14 1531704    4    3 1722  223   49   49    1    492
   15 2251804    4    3  596  224   50   50    1    621
   16 2525708    8    3 2841  225   50   50    1    653
   17 1215808    8    3  824  226   49   50    0    709
   18 1251804    4    3  196  227   49   50    0    910
   19 2245808    8    3 2945  228   50   50    1    671
   20 1525708    8    3 1181  229   49   50    0    927
   21 1241804    4    3  377  230   49   49    1    551
   22 2493706    6    3  285  231   50   50    1    640
   23 2271804    4    3 1162  232   50   50    1    680
   24 2481704    4    3 1251  233   50   50    1    696
   25 1233806    6    3 1484  234   49   49    1    561
   26 1473706    6    3 2271  235   49   49    1    585
   27 2255808    8    3 2914  236   50   50    1    650
   28 2495708    8    3 1187  237   50   50    1    674
   29 1571704    4    3 3157  238   49   49    1    763
   30 2333806    6    3 1457  239   50   50    1    747

Summary table:
 Nobjs Ntrials Accuracy RespTime

     1      0      0      0      0 
     2      0      0      0      0 
     3      0      0      0      0 
     4     10     90    666      0 
     5      0      0      0      0 
     6     10     90    672      0 
     7      0      0      0      0 
     8     10     70    740      0 
     0      0      0      0      0 
     0      0      0      0      0 

adaptlvl = 3
