SubjID Series Run Trial  StimID Correct RTime difficulty stim reldiff valence valid Spec1 Spec2 Spec3

000974039052    1    1   66    1  2551704    1    620    4    7    1   55    2      1    240    130
000974039052    1    1   66    2  1211804    1    613    4    8    1   21    1      1    241    219
000974039052    1    1   66    3  1491704    1    645    4    7    1   49    1      1    242    145
000974039052    1    1   66    4  1475708    0    710    8    7    5   47    1      5    243     67
000974039052    1    1   66    5  2323806    1    606    6    8    3   32    2      3    244    167
000974039052    1    1   66    6  1553706    1    694    6    7    3   55    1      3    245    177
000974039052    1    1   66    7  2275808    1    599    8    8    5   27    2      5    246    198
000974039052    1    1   66    8  2463706    1    591    6    7    3   46    2      3    247    282
000974039052    1    1   66    9  2273806    1    695    6    8    3   27    2      3    248    221
000974039052    1    1   66   10  2525708    1    656    8    7    5   52    2      5    249    174
000974039052    1    1   66   11  1305808    0    696    8    8    5   30    1      5    250    249
000974039052    1    1   66   12  1483706    1    593    6    7    3   48    1      3    251    208
000974039052    1    1   66   13  1333806    0    745    6    8    3   33    1      3    252    243
000974039052    1    1   66   14  2491704    1    705    4    7    1   49    2      1    253    191
000974039052    1    1   66   15  1231804    0    674    4    8    1   23    1      1    254    193
000974039052    1    1   66   16  1545708    1    938    8    7    5   54    1      5    255    109
000974039052    1    1   66   17  1245808    0    547    8    8    5   24    1      5    256    250
000974039052    1    1   66   18  2321804    1    595    4    8    1   32    2      1    257    257
000974039052    1    1   66   19  1335808    1    540    8    8    5   33    1      5    258    290
000974039052    1    1   66   20  2455708    1    556    8    7    5   45    2      5    259    155
000974039052    1    1   66   21  1321804    1    404    4    8    1   32    1      1    260    262
000974039052    1    1   66   22  1503706    0    581    6    7    3   50    1      3    261    304
000974039052    1    1   66   23  2171804    1    685    4    8    1   17    2      1    262    161
000974039052    1    1   66   24  2531704    1    637    4    7    1   53    2      1    263    258
000974039052    1    1   66   25  2253806    1    670    6    8    3   25    2      3    264    303
000974039052    1    1   66   26  2513706    1    566    6    7    3   51    2      3    265    269
000974039052    1    1   66   27  2335808    1    567    8    8    5   33    2      5    266    271
000974039052    1    1   66   28  2495708    1    575    8    7    5   49    2      5    267    209
000974039052    1    1   66   29  1531704    1    512    4    7    1   53    1      1    268    254
000974039052    1    1   66   30  1273806    1    704    6    8    3   27    1      3    269    175
