Obj task: Site= 0009  ID= 000974039052  Visit= 1  Series= 18 Run= 66 TaskRun= 66 Subjflag= 1
Versions:  Task= 4/87  CIGAL= 4.81.91  CIGAL_VSync= 48150/124
ParamFile: ObjRun/OTRun66.ppf
StimSet: 7  ObjLists: ObjRun/ot_objtrials11_7.txt

  StimNum     OnTime       StimID StimFlag     RTimeMS RespKey   CorrectKey Accuracy

      0        0.001            0       0            0       0            0       0
      1        3.989       330600       0            0       0            0       0
      2        4.988            0       0            0       0            0       0
      3        9.989       551100       0            0       0            0       0
      4       10.988            0       0            0       0            0       0
      5       11.489       551404     128            0       0            0       0
      6       14.987            0       0            0       0            0       0
      7       16.989      2551704       1          620      50           50       1
      8       17.987            0       0            0       0            0       0
      9       23.989       211200       0            0       0            0       0
     10       24.988            0       0            0       0            0       0
     11       25.489       211504     128            0       0            0       0
     12       28.987            0       0            0       0            0       0
     13       30.989      1211804       1          613      49           49       1
     14       31.987            0       0            0       0            0       0
     15       35.989       491100       0            0       0            0       0
     16       36.988            0       0            0       0            0       0
     17       37.489       491404     128            0       0            0       0
     18       40.987            0       0            0       0            0       0
     19       42.989      1491704       1          645      49           49       1
     20       43.987            0       0            0       0            0       0
     21       45.989       520300       0            0       0            0       0
     22       46.988            0       0            0       0            0       0
     23       53.989       475100       0            0       0            0       0
     24       54.988            0       0            0       0            0       0
     25       55.489       475408     128            0       0            0       0
     26       58.987            0       0            0       0            0       0
     27       60.989      1475708       1          710      50           49       0
     28       61.987            0       0            0       0            0       0
     29       63.989       323200       0            0       0            0       0
     30       64.988            0       0            0       0            0       0
     31       65.489       323506     128            0       0            0       0
     32       68.987            0       0            0       0            0       0
     33       70.989      2323806       1          606      50           50       1
     34       71.987            0       0            0       0            0       0
     35       73.989       553100       0            0       0            0       0
     36       74.988            0       0            0       0            0       0
     37       75.489       553406     128            0       0            0       0
     38       78.987            0       0            0       0            0       0
     39       80.989      1553706       1          694      49           49       1
     40       81.987            0       0            0       0            0       0
     41       83.989       275200       0            0       0            0       0
     42       84.988            0       0            0       0            0       0
     43       85.489       275508     128            0       0            0       0
     44       88.987            0       0            0       0            0       0
     45       90.989      2275808       1          599      50           50       1
     46       91.987            0       0            0       0            0       0
     47       93.989       463100       0            0       0            0       0
     48       94.988            0       0            0       0            0       0
     49       95.489       463406     128            0       0            0       0
     50       98.987            0       0            0       0            0       0
     51      100.989      2463706       1          591      50           50       1
     52      101.987            0       0            0       0            0       0
     53      107.989       273200       0            0       0            0       0
     54      108.988            0       0            0       0            0       0
     55      109.489       273506     128            0       0            0       0
     56      112.987            0       0            0       0            0       0
     57      114.989      2273806       1          695      50           50       1
     58      115.987            0       0            0       0            0       0
     59      117.989       525100       0            0       0            0       0
     60      118.988            0       0            0       0            0       0
     61      119.489       525408     128            0       0            0       0
     62      122.987            0       0            0       0            0       0
     63      124.989      2525708       1          656      50           50       1
     64      125.987            0       0            0       0            0       0
     65      129.989       305200       0            0       0            0       0
     66      130.988            0       0            0       0            0       0
     67      131.489       305508     128            0       0            0       0
     68      134.987            0       0            0       0            0       0
     69      136.989      1305808       1          696      50           49       0
     70      137.987            0       0            0       0            0       0
     71      143.989       570300       0            0       0            0       0
     72      144.988            0       0            0       0            0       0
     73      149.989       483100       0            0       0            0       0
     74      150.988            0       0            0       0            0       0
     75      151.489       483406     128            0       0            0       0
     76      154.987            0       0            0       0            0       0
     77      156.989      1483706       1          593      49           49       1
     78      157.987            0       0            0       0            0       0
     79      159.989       333200       0            0       0            0       0
     80      160.988            0       0            0       0            0       0
     81      161.489       333506     128            0       0            0       0
     82      164.987            0       0            0       0            0       0
     83      166.989      1333806       1          745      50           49       0
     84      167.987            0       0            0       0            0       0
     85      171.989       491100       0            0       0            0       0
     86      172.988            0       0            0       0            0       0
     87      173.489       491404     128            0       0            0       0
     88      176.987            0       0            0       0            0       0
     89      178.989      2491704       1          705      50           50       1
     90      179.987            0       0            0       0            0       0
     91      181.989       231200       0            0       0            0       0
     92      182.988            0       0            0       0            0       0
     93      183.489       231504     128            0       0            0       0
     94      186.987            0       0            0       0            0       0
     95      188.989      1231804       1          674      50           49       0
     96      189.987            0       0            0       0            0       0
     97      193.989       250600       0            0       0            0       0
     98      194.988            0       0            0       0            0       0
     99      199.989       545100       0            0       0            0       0
    100      200.988            0       0            0       0            0       0
    101      201.489       545408     128            0       0            0       0
    102      204.987            0       0            0       0            0       0
    103      206.989      1545708       1          938      49           49       1
    104      207.987            0       0            0       0            0       0
    105      209.989       245200       0            0       0            0       0
    106      210.988            0       0            0       0            0       0
    107      211.489       245508     128            0       0            0       0
    108      214.987            0       0            0       0            0       0
    109      216.989      1245808       1          547      50           49       0
    110      217.987            0       0            0       0            0       0
    111      219.989       320600       0            0       0            0       0
    112      220.988            0       0            0       0            0       0
    113      225.989       321200       0            0       0            0       0
    114      226.988            0       0            0       0            0       0
    115      227.489       321504     128            0       0            0       0
    116      230.987            0       0            0       0            0       0
    117      232.989      2321804       1          595      50           50       1
    118      233.987            0       0            0       0            0       0
    119      239.989       335200       0            0       0            0       0
    120      240.988            0       0            0       0            0       0
    121      241.489       335508     128            0       0            0       0
    122      244.987            0       0            0       0            0       0
    123      246.989      1335808       1          540      49           49       1
    124      247.987            0       0            0       0            0       0
    125      251.989       455100       0            0       0            0       0
    126      252.988            0       0            0       0            0       0
    127      253.489       455408     128            0       0            0       0
    128      256.987            0       0            0       0            0       0
    129      258.989      2455708       1          556      50           50       1
    130      259.987            0       0            0       0            0       0
    131      261.989       480300       0            0       0            0       0
    132      262.988            0       0            0       0            0       0
    133      267.989       321200       0            0       0            0       0
    134      268.988            0       0            0       0            0       0
    135      269.489       321504     128            0       0            0       0
    136      272.987            0       0            0       0            0       0
    137      274.989      1321804       1          404      49           49       1
    138      275.987            0       0            0       0            0       0
    139      277.989       503100       0            0       0            0       0
    140      278.988            0       0            0       0            0       0
    141      279.489       503406     128            0       0            0       0
    142      282.987            0       0            0       0            0       0
    143      284.989      1503706       1          581      50           49       0
    144      285.987            0       0            0       0            0       0
    145      287.989       171200       0            0       0            0       0
    146      288.988            0       0            0       0            0       0
    147      289.489       171504     128            0       0            0       0
    148      292.987            0       0            0       0            0       0
    149      294.989      2171804       1          685      50           50       1
    150      295.987            0       0            0       0            0       0
    151      297.989       531100       0            0       0            0       0
    152      298.988            0       0            0       0            0       0
    153      299.489       531404     128            0       0            0       0
    154      302.987            0       0            0       0            0       0
    155      304.989      2531704       1          637      50           50       1
    156      305.987            0       0            0       0            0       0
    157      309.989       253200       0            0       0            0       0
    158      310.988            0       0            0       0            0       0
    159      311.489       253506     128            0       0            0       0
    160      314.987            0       0            0       0            0       0
    161      316.989      2253806       1          670      50           50       1
    162      317.987            0       0            0       0            0       0
    163      319.989       320600       0            0       0            0       0
    164      320.988            0       0            0       0            0       0
    165      327.989       513100       0            0       0            0       0
    166      328.988            0       0            0       0            0       0
    167      329.489       513406     128            0       0            0       0
    168      332.987            0       0            0       0            0       0
    169      334.989      2513706       1          566      50           50       1
    170      335.987            0       0            0       0            0       0
    171      339.989       500300       0            0       0            0       0
    172      340.988            0       0            0       0            0       0
    173      345.989       335200       0            0       0            0       0
    174      346.988            0       0            0       0            0       0
    175      347.489       335508     128            0       0            0       0
    176      350.987            0       0            0       0            0       0
    177      352.989      2335808       1          567      50           50       1
    178      353.987            0       0            0       0            0       0
    179      355.989       495100       0            0       0            0       0
    180      356.988            0       0            0       0            0       0
    181      357.489       495408     128            0       0            0       0
    182      360.987            0       0            0       0            0       0
    183      362.989      2495708       1          575      50           50       1
    184      363.987            0       0            0       0            0       0
    185      367.989       531100       0            0       0            0       0
    186      368.988            0       0            0       0            0       0
    187      369.489       531404     128            0       0            0       0
    188      372.987            0       0            0       0            0       0
    189      374.989      1531704       1          512      49           49       1
    190      375.987            0       0            0       0            0       0
    191      377.989       273200       0            0       0            0       0
    192      378.988            0       0            0       0            0       0
    193      379.489       273506     128            0       0            0       0
    194      382.987            0       0            0       0            0       0
    195      384.989      1273806       1          704      49           49       1
    196      385.987            0       0            0       0            0       0
    197      400.987            0       0            0       0            0       0

Stim       Id Diff Order Obj Lvl  

  240  551404    4  130 1313    3    1    0 
  241  211504    4  219 3276    3    1    0 
  242  491404    4  145 1593    3    1    0 
  243  475408    8   67  822    3    1    0 
  244  323506    6  167  278    3    1    0 
  245  553406    6  177 2440    3    1    0 
  246  275508    8  198 2002    3    1    0 
  247  463406    6  282  917    3    1    0 
  248  273506    6  221 3130    3    1    0 
  249  525408    8  174 3349    3    1    0 
  250  305508    8  249  413    3    1    0 
  251  483406    6  208 2585    3    1    0 
  252  333506    6  243 2278    3    1    0 
  253  491404    4  191 2143    3    1    0 
  254  231504    4  193  637    3    1    0 
  255  545408    8  109  807    3    1    0 
  256  245508    8  250 3175    3    1    0 
  257  321504    4  257 1524    3    1    0 
  258  335508    8  290 3046    3    1    0 
  259  455408    8  155 2031    3    1    0 
  260  321504    4  262  767    3    1    0 
  261  503406    6  304 2507    3    1    0 
  262  171504    4  161 2048    3    1    0 
  263  531404    4  258 2527    3    1    0 
  264  253506    6  303 1987    3    1    0 
  265  513406    6  269 2624    3    1    0 
  266  335508    8  271  597    3    1    0 
  267  495408    8  209  428    3    1    0 
  268  531404    4  254 1668    3    1    0 
  269  273506    6  175  401    3    1    0 

Trial      Id Diff  Lvl  Obj Stim  Ans Resp  Acc     RT

    1 2551704    4    3  744  240   50   50    1    620
    2 1211804    4    3 3276  241   49   49    1    613
    3 1491704    4    3 1593  242   49   49    1    645
    4 1475708    8    3  822  243   49   50    0    710
    5 2323806    6    3 3069  244   50   50    1    606
    6 1553706    6    3 2440  245   49   49    1    694
    7 2275808    8    3   56  246   50   50    1    599
    8 2463706    6    3 1352  247   50   50    1    591
    9 2273806    6    3 1498  248   50   50    1    695
   10 2525708    8    3 2864  249   50   50    1    656
   11 1305808    8    3  413  250   49   50    0    696
   12 1483706    6    3 2585  251   49   49    1    593
   13 1333806    6    3 2278  252   49   50    0    745
   14 2491704    4    3 1780  253   50   50    1    705
   15 1231804    4    3  637  254   49   50    0    674
   16 1545708    8    3  807  255   49   49    1    938
   17 1245808    8    3 3175  256   49   50    0    547
   18 2321804    4    3 3277  257   50   50    1    595
   19 1335808    8    3 3046  258   49   49    1    540
   20 2455708    8    3  793  259   50   50    1    556
   21 1321804    4    3  767  260   49   49    1    404
   22 1503706    6    3 2507  261   49   50    0    581
   23 2171804    4    3 2616  262   50   50    1    685
   24 2531704    4    3 2482  263   50   50    1    637
   25 2253806    6    3  960  264   50   50    1    670
   26 2513706    6    3 1638  265   50   50    1    566
   27 2335808    8    3  888  266   50   50    1    567
   28 2495708    8    3 2255  267   50   50    1    575
   29 1531704    4    3 1668  268   49   49    1    512
   30 1273806    6    3  401  269   49   49    1    704

Summary table:
 Nobjs Ntrials Accuracy RespTime

     1      0      0      0      0 
     2      0      0      0      0 
     3      0      0      0      0 
     4     10     90    609      0 
     5      0      0      0      0 
     6     10     80    645      0 
     7      0      0      0      0 
     8     10     70    638      0 
     0      0      0      0      0 
     0      0      0      0      0 

adaptlvl = 3
