Obj task: Site= 0009  ID= 000974039052  Visit= 1  Series= 19 Run= 67 TaskRun= 67 Subjflag= 1
Versions:  Task= 4/87  CIGAL= 4.81.91  CIGAL_VSync= 48150/124
ParamFile: ObjRun/OTRun67.ppf
StimSet: 7  ObjLists: ObjRun/ot_objtrials11_7.txt

  StimNum     OnTime       StimID StimFlag     RTimeMS RespKey   CorrectKey Accuracy

      0        0.001            0       0            0       0            0       0
      1        3.989       540300       0            0       0            0       0
      2        4.988            0       0            0       0            0       0
      3        9.989       461100       0            0       0            0       0
      4       10.988            0       0            0       0            0       0
      5       11.489       461404     128            0       0            0       0
      6       14.987            0       0            0       0            0       0
      7       16.989      2461704       1          591      50           50       1
      8       17.987            0       0            0       0            0       0
      9       19.989       520300       0            0       0            0       0
     10       20.988            0       0            0       0            0       0
     11       27.989       203200       0            0       0            0       0
     12       28.988            0       0            0       0            0       0
     13       29.489       203506     128            0       0            0       0
     14       32.987            0       0            0       0            0       0
     15       34.989      2203806       1          656      50           50       1
     16       35.987            0       0            0       0            0       0
     17       37.989       523100       0            0       0            0       0
     18       38.988            0       0            0       0            0       0
     19       39.489       523406     128            0       0            0       0
     20       42.987            0       0            0       0            0       0
     21       44.989      2523706       1          576      50           50       1
     22       45.987            0       0            0       0            0       0
     23       47.989       185200       0            0       0            0       0
     24       48.988            0       0            0       0            0       0
     25       49.489       185508     128            0       0            0       0
     26       52.987            0       0            0       0            0       0
     27       54.989      1185808       1          712      50           49       0
     28       55.987            0       0            0       0            0       0
     29       57.989       453100       0            0       0            0       0
     30       58.988            0       0            0       0            0       0
     31       59.489       453406     128            0       0            0       0
     32       62.987            0       0            0       0            0       0
     33       64.989      1453706       1          785      50           49       0
     34       65.987            0       0            0       0            0       0
     35       67.989       281200       0            0       0            0       0
     36       68.988            0       0            0       0            0       0
     37       69.489       281504     128            0       0            0       0
     38       72.987            0       0            0       0            0       0
     39       74.989      1281804       1          697      49           49       1
     40       75.987            0       0            0       0            0       0
     41       81.989       241200       0            0       0            0       0
     42       82.988            0       0            0       0            0       0
     43       83.489       241504     128            0       0            0       0
     44       86.987            0       0            0       0            0       0
     45       88.989      2241804       1          713      50           50       1
     46       89.987            0       0            0       0            0       0
     47       91.989       280600       0            0       0            0       0
     48       92.988            0       0            0       0            0       0
     49       97.989       565100       0            0       0            0       0
     50       98.988            0       0            0       0            0       0
     51       99.489       565408     128            0       0            0       0
     52      102.987            0       0            0       0            0       0
     53      104.989      2565708       1          714      50           50       1
     54      105.987            0       0            0       0            0       0
     55      111.989       343200       0            0       0            0       0
     56      112.988            0       0            0       0            0       0
     57      113.489       343506     128            0       0            0       0
     58      116.987            0       0            0       0            0       0
     59      118.989      1343806       1          866      50           49       0
     60      119.987            0       0            0       0            0       0
     61      123.989       290600       0            0       0            0       0
     62      124.988            0       0            0       0            0       0
     63      129.989       531100       0            0       0            0       0
     64      130.988            0       0            0       0            0       0
     65      131.489       531404     128            0       0            0       0
     66      134.987            0       0            0       0            0       0
     67      136.989      2531704       1          667      50           50       1
     68      137.987            0       0            0       0            0       0
     69      141.989       215200       0            0       0            0       0
     70      142.988            0       0            0       0            0       0
     71      143.489       215508     128            0       0            0       0
     72      146.987            0       0            0       0            0       0
     73      148.989      2215808       1          715      50           50       1
     74      149.987            0       0            0       0            0       0
     75      153.989       543100       0            0       0            0       0
     76      154.988            0       0            0       0            0       0
     77      155.489       543406     128            0       0            0       0
     78      158.987            0       0            0       0            0       0
     79      160.989      1543706       1          516      49           49       1
     80      161.987            0       0            0       0            0       0
     81      165.989       215200       0            0       0            0       0
     82      166.988            0       0            0       0            0       0
     83      167.489       215508     128            0       0            0       0
     84      170.987            0       0            0       0            0       0
     85      172.989      1215808       1         1004      49           49       1
     86      173.987            0       0            0       0            0       0
     87      175.989       501100       0            0       0            0       0
     88      176.988            0       0            0       0            0       0
     89      177.489       501404     128            0       0            0       0
     90      180.987            0       0            0       0            0       0
     91      182.989      1501704       1          628      50           49       0
     92      183.987            0       0            0       0            0       0
     93      187.989       485100       0            0       0            0       0
     94      188.988            0       0            0       0            0       0
     95      189.489       485408     128            0       0            0       0
     96      192.987            0       0            0       0            0       0
     97      194.989      2485708       1          837      50           50       1
     98      195.987            0       0            0       0            0       0
     99      201.989       470300       0            0       0            0       0
    100      202.988            0       0            0       0            0       0
    101      207.989       323200       0            0       0            0       0
    102      208.988            0       0            0       0            0       0
    103      209.489       323506     128            0       0            0       0
    104      212.987            0       0            0       0            0       0
    105      214.989      2323806       1          614      50           50       1
    106      215.987            0       0            0       0            0       0
    107      217.989       455100       0            0       0            0       0
    108      218.988            0       0            0       0            0       0
    109      219.489       455408     128            0       0            0       0
    110      222.987            0       0            0       0            0       0
    111      224.989      1455708       1          982      50           49       0
    112      225.987            0       0            0       0            0       0
    113      227.989       281200       0            0       0            0       0
    114      228.988            0       0            0       0            0       0
    115      229.489       281504     128            0       0            0       0
    116      232.987            0       0            0       0            0       0
    117      234.989      2281804       1          638      50           50       1
    118      235.987            0       0            0       0            0       0
    119      239.989       525100       0            0       0            0       0
    120      240.988            0       0            0       0            0       0
    121      241.489       525408     128            0       0            0       0
    122      244.987            0       0            0       0            0       0
    123      246.989      2525708       1          654      50           50       1
    124      247.987            0       0            0       0            0       0
    125      249.989       245200       0            0       0            0       0
    126      250.988            0       0            0       0            0       0
    127      251.489       245508     128            0       0            0       0
    128      254.987            0       0            0       0            0       0
    129      256.989      2245808       1          887      50           50       1
    130      257.987            0       0            0       0            0       0
    131      265.989       190600       0            0       0            0       0
    132      266.988            0       0            0       0            0       0
    133      271.989       251200       0            0       0            0       0
    134      272.988            0       0            0       0            0       0
    135      273.489       251504     128            0       0            0       0
    136      276.987            0       0            0       0            0       0
    137      278.989      1251804       1          648      49           49       1
    138      279.987            0       0            0       0            0       0
    139      281.989       561100       0            0       0            0       0
    140      282.988            0       0            0       0            0       0
    141      283.489       561404     128            0       0            0       0
    142      286.987            0       0            0       0            0       0
    143      288.989      1561704       1          776      50           49       0
    144      289.987            0       0            0       0            0       0
    145      291.989       253200       0            0       0            0       0
    146      292.988            0       0            0       0            0       0
    147      293.489       253506     128            0       0            0       0
    148      296.987            0       0            0       0            0       0
    149      298.989      1253806       1          608      49           49       1
    150      299.987            0       0            0       0            0       0
    151      303.989       543100       0            0       0            0       0
    152      304.988            0       0            0       0            0       0
    153      305.489       543406     128            0       0            0       0
    154      308.987            0       0            0       0            0       0
    155      310.989      1543706       1          585      49           49       1
    156      311.987            0       0            0       0            0       0
    157      317.989       541100       0            0       0            0       0
    158      318.988            0       0            0       0            0       0
    159      319.489       541404     128            0       0            0       0
    160      322.987            0       0            0       0            0       0
    161      324.989      2541704       1          657      50           50       1
    162      325.987            0       0            0       0            0       0
    163      327.989       295200       0            0       0            0       0
    164      328.988            0       0            0       0            0       0
    165      329.489       295508     128            0       0            0       0
    166      332.987            0       0            0       0            0       0
    167      334.989      1295808       1          681      50           49       0
    168      335.987            0       0            0       0            0       0
    169      337.989       190600       0            0       0            0       0
    170      338.988            0       0            0       0            0       0
    171      345.989       221200       0            0       0            0       0
    172      346.988            0       0            0       0            0       0
    173      347.489       221504     128            0       0            0       0
    174      350.987            0       0            0       0            0       0
    175      352.989      1221804       1          522      49           49       1
    176      353.987            0       0            0       0            0       0
    177      355.989       525100       0            0       0            0       0
    178      356.988            0       0            0       0            0       0
    179      357.489       525408     128            0       0            0       0
    180      360.987            0       0            0       0            0       0
    181      362.989      1525708       1          522      49           49       1
    182      363.987            0       0            0       0            0       0
    183      365.989       530300       0            0       0            0       0
    184      366.988            0       0            0       0            0       0
    185      371.989       543100       0            0       0            0       0
    186      372.988            0       0            0       0            0       0
    187      373.489       543406     128            0       0            0       0
    188      376.987            0       0            0       0            0       0
    189      378.989      2543706       1          643      50           50       1
    190      379.987            0       0            0       0            0       0
    191      381.989       273200       0            0       0            0       0
    192      382.988            0       0            0       0            0       0
    193      383.489       273506     128            0       0            0       0
    194      386.987            0       0            0       0            0       0
    195      388.989      2273806       1          651      50           50       1
    196      389.987            0       0            0       0            0       0
    197      400.986            0       0            0       0            0       0

Stim       Id Diff Order Obj Lvl  

  270  461404    4  228  367    3    1    0 
  271  203506    6  315 3085    3    1    0 
  272  523406    6  203 2938    3    1    0 
  273  185508    8  273 1486    3    1    0 
  274  453406    6  235 2697    3    1    0 
  275  281504    4  274  157    3    1    0 
  276  241504    4  264  447    3    1    0 
  277  565408    8  292  770    3    1    0 
  278  343506    6  293  641    3    1    0 
  279  531404    4  215 2427    3    1    0 
  280  215508    8  318 2656    3    1    0 
  281  543406    6  236 1517    3    1    0 
  282  215508    8  241 1914    3    1    0 
  283  501404    4  286 2120    3    1    0 
  284  485408    8  242 3307    3    1    0 
  285  323506    6  308 1743    3    1    0 
  286  455408    8  343 1317    3    1    0 
  287  281504    4  245 2536    3    1    0 
  288  525408    8  251 1459    3    1    0 
  289  245508    8  283 3210    3    1    0 
  290  251504    4  247 1872    3    1    0 
  291  561404    4  275 2687    3    1    0 
  292  253506    6  260 1052    3    1    0 
  293  543406    6  325 1009    3    1    0 
  294  541404    4  263  979    3    1    0 
  295  295508    8  289 2691    3    1    0 
  296  221504    4  317   84    3    1    0 
  297  525408    8  253 2543    3    1    0 
  298  543406    6  277 1482    3    1    0 
  299  273506    6  270  901    3    1    0 

Trial      Id Diff  Lvl  Obj Stim  Ans Resp  Acc     RT

    1 2461704    4    3   60  270   50   50    1    591
    2 2203806    6    3 1560  271   50   50    1    656
    3 2523706    6    3 2882  272   50   50    1    576
    4 1185808    8    3 1486  273   49   50    0    712
    5 1453706    6    3 2697  274   49   50    0    785
    6 1281804    4    3  157  275   49   49    1    697
    7 2241804    4    3 1577  276   50   50    1    713
    8 2565708    8    3   38  277   50   50    1    714
    9 1343806    6    3  641  278   49   50    0    866
   10 2531704    4    3  826  279   50   50    1    667
   11 2215808    8    3 1247  280   50   50    1    715
   12 1543706    6    3 1517  281   49   49    1    516
   13 1215808    8    3 1914  282   49   49    1   1004
   14 1501704    4    3 2120  283   49   50    0    628
   15 2485708    8    3 1616  284   50   50    1    837
   16 2323806    6    3  169  285   50   50    1    614
   17 1455708    8    3 1317  286   49   50    0    982
   18 2281804    4    3 1768  287   50   50    1    638
   19 2525708    8    3 3252  288   50   50    1    654
   20 2245808    8    3 2227  289   50   50    1    887
   21 1251804    4    3 1872  290   49   49    1    648
   22 1561704    4    3 2687  291   49   50    0    776
   23 1253806    6    3 1052  292   49   49    1    608
   24 1543706    6    3 1009  293   49   49    1    585
   25 2541704    4    3 3021  294   50   50    1    657
   26 1295808    8    3 2691  295   49   50    0    681
   27 1221804    4    3   84  296   49   49    1    522
   28 1525708    8    3 2543  297   49   49    1    522
   29 2543706    6    3  661  298   50   50    1    643
   30 2273806    6    3  190  299   50   50    1    651

Summary table:
 Nobjs Ntrials Accuracy RespTime

     1      0      0      0      0 
     2      0      0      0      0 
     3      0      0      0      0 
     4     10     80    654      0 
     5      0      0      0      0 
     6     10     80    650      0 
     7      0      0      0      0 
     8     10     70    771      0 
     0      0      0      0      0 
     0      0      0      0      0 

adaptlvl = 3
