SubjID Series Run Trial  StimID Correct RTime difficulty stim reldiff valence valid Spec1 Spec2 Spec3

000974039052    1    1   67    1  2461704    1    591    4    7    1   46    2      1    270    228
000974039052    1    1   67    2  2203806    1    656    6    8    3   20    2      3    271    315
000974039052    1    1   67    3  2523706    1    576    6    7    3   52    2      3    272    203
000974039052    1    1   67    4  1185808    0    712    8    8    5   18    1      5    273    273
000974039052    1    1   67    5  1453706    0    785    6    7    3   45    1      3    274    235
000974039052    1    1   67    6  1281804    1    697    4    8    1   28    1      1    275    274
000974039052    1    1   67    7  2241804    1    713    4    8    1   24    2      1    276    264
000974039052    1    1   67    8  2565708    1    714    8    7    5   56    2      5    277    292
000974039052    1    1   67    9  1343806    0    866    6    8    3   34    1      3    278    293
000974039052    1    1   67   10  2531704    1    667    4    7    1   53    2      1    279    215
000974039052    1    1   67   11  2215808    1    715    8    8    5   21    2      5    280    318
000974039052    1    1   67   12  1543706    1    516    6    7    3   54    1      3    281    236
000974039052    1    1   67   13  1215808    1   1004    8    8    5   21    1      5    282    241
000974039052    1    1   67   14  1501704    0    628    4    7    1   50    1      1    283    286
000974039052    1    1   67   15  2485708    1    837    8    7    5   48    2      5    284    242
000974039052    1    1   67   16  2323806    1    614    6    8    3   32    2      3    285    308
000974039052    1    1   67   17  1455708    0    982    8    7    5   45    1      5    286    343
000974039052    1    1   67   18  2281804    1    638    4    8    1   28    2      1    287    245
000974039052    1    1   67   19  2525708    1    654    8    7    5   52    2      5    288    251
000974039052    1    1   67   20  2245808    1    887    8    8    5   24    2      5    289    283
000974039052    1    1   67   21  1251804    1    648    4    8    1   25    1      1    290    247
000974039052    1    1   67   22  1561704    0    776    4    7    1   56    1      1    291    275
000974039052    1    1   67   23  1253806    1    608    6    8    3   25    1      3    292    260
000974039052    1    1   67   24  1543706    1    585    6    7    3   54    1      3    293    325
000974039052    1    1   67   25  2541704    1    657    4    7    1   54    2      1    294    263
000974039052    1    1   67   26  1295808    0    681    8    8    5   29    1      5    295    289
000974039052    1    1   67   27  1221804    1    522    4    8    1   22    1      1    296    317
000974039052    1    1   67   28  1525708    1    522    8    7    5   52    1      5    297    253
000974039052    1    1   67   29  2543706    1    643    6    7    3   54    2      3    298    277
000974039052    1    1   67   30  2273806    1    651    6    8    3   27    2      3    299    270
