SubjID Series Run Trial  StimID Correct RTime difficulty stim reldiff valence valid Spec1 Spec2 Spec3

000974039052     1    4    1  1611704    0    605    4    7    1   61    1      1    304     15
000974039052     1    4    2  2623706    1    734    6    7    3   62    2      3    305     10
000974039052     1    4    3  2635708    1    646    8    7    5   63    2      5    306     16
000974039052     1    4    4  1621704    1    766    4    7    1   62    1      1    307     11
000974039052     1    4    5  1643706    0    543    6    7    3   64    1      3    308     17
000974039052     1    4    6  2655708    1    759    8    7    5   65    2      5    309      7
000974039052     1    4    7  1621704    0    864    4    7    1   62    1      1    310     12
000974039052     1    4    8  1643706    1    784    6    7    3   64    1      3    311      3
000974039052     1    4    9  2605708    1    808    8    7    5   60    2      5    312      1
000974039052     1    4   10  1625708    1    696    8    7    5   62    1      5    313     13
000974039052     1    4   11  2651704    1    673    4    7    1   65    2      1    314     14
000974039052     1    4   12  2563706    1    769    6    7    3   56    2      3    315      2
000974039052     1    4   13  1625708    1   1082    8    7    5   62    1      5    316      4
000974039052     1    4   14  1653706    0   1074    6    7    3   65    1      3    317      8
000974039052     1    4   15  2613706    1    858    6    7    3   61    2      3    318     18
000974039052     1    4   16  1625708    1    835    8    7    5   62    1      5    319     19
000974039052     1    4   17  2601704    1    691    4    7    1   60    2      1    320      5
000974039052     1    4   18  2631704    1    739    4    7    1   63    2      1    321      6
000974039052     1    4   19  2643706    1    668    6    7    3   64    2      3    322      9
000974039052     1    4   20  2615708    1    836    8    7    5   61    2      5    323      0
000974039052     1    4   21  1643706    1    604    6    7    3   64    1      3    324     15
000974039052     1    4   22  2635708    1    637    8    7    5   63    2      5    325     14
000974039052     1    4   23  1581704    1    589    4    7    1   58    1      1    326     19
000974039052     1    4   24  1621704    1    813    4    7    1   62    1      1    327      6
000974039052     1    4   25  2583708    1    934    8    7    3   58    2      3    328     10
000974039052     1    4   26  2591706    0   1078    6    7    1   59    2      1    329     16
000974039052     1    4   27  1505710    0    695   10    7    5   50    1      5    330     17
000974039052     1    4   28  1645710    0    655   10    7    5   64    1      5    331     11
000974039052     1    4   29  2653708    1    623    8    7    3   65    2      3    332     18
000974039052     1    4   30  1621706    1    568    6    7    1   62    1      1    333      0
