Obj task: Site= 0009  ID= 000974039052  Visit= 1  Series= 2 Run= 4 TaskRun= 4 Subjflag= 0
Versions:  Task= 4/87  CIGAL= 4.81.91  CIGAL_VSync= 48150/124
ParamFile: ObjRun/OTAdaptRun4.ppf
StimSet: 1  ObjLists: ObjRun/ot_objtrials11.txt

  StimNum     OnTime       StimID StimFlag     RTimeMS RespKey   CorrectKey Accuracy

      0        0.000            0       0            0       0            0       0
      1        3.990       611100       0            0       0            0       0
      2        4.989            0       0            0       0            0       0
      3        5.490       611404     128            0       0            0       0
      4        8.988            0       0            0       0            0       0
      5       10.990      1611704       1          605      50           49       0
      6       11.988            0       0            0       0            0       0
      7       14.990       623100       0            0       0            0       0
      8       15.989            0       0            0       0            0       0
      9       16.490       623406     128            0       0            0       0
     10       19.988            0       0            0       0            0       0
     11       21.990      2623706       1          734      50           50       1
     12       22.988            0       0            0       0            0       0
     13       25.990       635100       0            0       0            0       0
     14       26.989            0       0            0       0            0       0
     15       27.490       635408     128            0       0            0       0
     16       30.988            0       0            0       0            0       0
     17       32.990      2635708       1          646      50           50       1
     18       33.988            0       0            0       0            0       0
     19       36.990       621100       0            0       0            0       0
     20       37.989            0       0            0       0            0       0
     21       38.490       621404     128            0       0            0       0
     22       41.988            0       0            0       0            0       0
     23       43.990      1621704       1          766      49           49       1
     24       44.988            0       0            0       0            0       0
     25       47.990       643100       0            0       0            0       0
     26       48.989            0       0            0       0            0       0
     27       49.490       643406     128            0       0            0       0
     28       52.988            0       0            0       0            0       0
     29       54.990      1643706       1          543      50           49       0
     30       55.988            0       0            0       0            0       0
     31       58.990       655100       0            0       0            0       0
     32       59.989            0       0            0       0            0       0
     33       60.490       655408     128            0       0            0       0
     34       63.988            0       0            0       0            0       0
     35       65.990      2655708       1          759      50           50       1
     36       66.988          900       0            0       0            0       0
     37       66.988            0       0            0       0            0       0
     38       69.990       621100       0            0       0            0       0
     39       70.989            0       0            0       0            0       0
     40       71.490       621404     128            0       0            0       0
     41       74.988            0       0            0       0            0       0
     42       76.990      1621704       1          864      50           49       0
     43       77.988            0       0            0       0            0       0
     44       80.990       643100       0            0       0            0       0
     45       81.989            0       0            0       0            0       0
     46       82.490       643406     128            0       0            0       0
     47       85.988            0       0            0       0            0       0
     48       87.990      1643706       1          784      49           49       1
     49       88.988            0       0            0       0            0       0
     50       91.990       605100       0            0       0            0       0
     51       92.989            0       0            0       0            0       0
     52       93.490       605408     128            0       0            0       0
     53       96.988            0       0            0       0            0       0
     54       98.990      2605708       1          808      50           50       1
     55       99.988            0       0            0       0            0       0
     56      102.990       625100       0            0       0            0       0
     57      103.989            0       0            0       0            0       0
     58      104.490       625408     128            0       0            0       0
     59      107.988            0       0            0       0            0       0
     60      109.991      1625708       1          696      49           49       1
     61      110.988            0       0            0       0            0       0
     62      113.990       651100       0            0       0            0       0
     63      114.989            0       0            0       0            0       0
     64      115.490       651404     128            0       0            0       0
     65      118.988            0       0            0       0            0       0
     66      120.990      2651704       1          673      50           50       1
     67      121.988            0       0            0       0            0       0
     68      124.990       563100       0            0       0            0       0
     69      125.989            0       0            0       0            0       0
     70      126.490       563406     128            0       0            0       0
     71      129.988            0       0            0       0            0       0
     72      131.990      2563706       1          769      50           50       1
     73      132.988          900       0            0       0            0       0
     74      132.988            0       0            0       0            0       0
     75      135.990       625100       0            0       0            0       0
     76      136.989            0       0            0       0            0       0
     77      137.490       625408     128            0       0            0       0
     78      140.988            0       0            0       0            0       0
     79      142.990      1625708       1         1082      49           49       1
     80      143.988            0       0            0       0            0       0
     81      146.990       653100       0            0       0            0       0
     82      147.989            0       0            0       0            0       0
     83      148.490       653406     128            0       0            0       0
     84      151.988            0       0            0       0            0       0
     85      153.990      1653706       1         1074      50           49       0
     86      154.988            0       0            0       0            0       0
     87      157.990       613100       0            0       0            0       0
     88      158.989            0       0            0       0            0       0
     89      159.490       613406     128            0       0            0       0
     90      162.988            0       0            0       0            0       0
     91      164.990      2613706       1          858      50           50       1
     92      165.988            0       0            0       0            0       0
     93      168.990       625100       0            0       0            0       0
     94      169.989            0       0            0       0            0       0
     95      170.490       625408     128            0       0            0       0
     96      173.988            0       0            0       0            0       0
     97      175.990      1625708       1          835      49           49       1
     98      176.988            0       0            0       0            0       0
     99      179.990       601100       0            0       0            0       0
    100      180.989            0       0            0       0            0       0
    101      181.490       601404     128            0       0            0       0
    102      184.988            0       0            0       0            0       0
    103      186.990      2601704       1          691      50           50       1
    104      187.988            0       0            0       0            0       0
    105      190.990       631100       0            0       0            0       0
    106      191.989            0       0            0       0            0       0
    107      192.490       631404     128            0       0            0       0
    108      195.988            0       0            0       0            0       0
    109      197.990      2631704       1          739      50           50       1
    110      198.988          900       0            0       0            0       0
    111      198.988            0       0            0       0            0       0
    112      201.990       643100       0            0       0            0       0
    113      202.989            0       0            0       0            0       0
    114      203.490       643406     128            0       0            0       0
    115      206.988            0       0            0       0            0       0
    116      208.990      2643706       1          668      50           50       1
    117      209.988            0       0            0       0            0       0
    118      212.990       615100       0            0       0            0       0
    119      213.989            0       0            0       0            0       0
    120      214.490       615408     128            0       0            0       0
    121      217.988            0       0            0       0            0       0
    122      219.990      2615708       1          836      50           50       1
    123      220.988            0       0            0       0            0       0
    124      223.990       643100       0            0       0            0       0
    125      224.989            0       0            0       0            0       0
    126      225.490       643406     128            0       0            0       0
    127      228.988            0       0            0       0            0       0
    128      230.990      1643706       1          604      49           49       1
    129      231.988            0       0            0       0            0       0
    130      234.990       635100       0            0       0            0       0
    131      235.989            0       0            0       0            0       0
    132      236.490       635408     128            0       0            0       0
    133      239.988            0       0            0       0            0       0
    134      241.990      2635708       1          637      50           50       1
    135      242.988            0       0            0       0            0       0
    136      245.990       581100       0            0       0            0       0
    137      246.989            0       0            0       0            0       0
    138      247.490       581404     128            0       0            0       0
    139      250.988            0       0            0       0            0       0
    140      252.990      1581704       1          589      49           49       1
    141      253.988            0       0            0       0            0       0
    142      256.990       621100       0            0       0            0       0
    143      258.001            0       0            0       0            0       0
    144      258.490       621404     128            0       0            0       0
    145      261.988            0       0            0       0            0       0
    146      263.990      1621704       1          813      49           49       1
    147      264.988          900       0            0       0            0       0
    148      264.988            0       0            0       0            0       0
    149      267.990       583100       0            0       0            0       0
    150      268.989            0       0            0       0            0       0
    151      269.490       583408     128            0       0            0       0
    152      272.988            0       0            0       0            0       0
    153      274.990      2583708       1          934      50           50       1
    154      275.988            0       0            0       0            0       0
    155      278.990       591100       0            0       0            0       0
    156      279.989            0       0            0       0            0       0
    157      280.490       591406     128            0       0            0       0
    158      283.988            0       0            0       0            0       0
    159      285.990      2591706       1         1078      49           50       0
    160      286.988            0       0            0       0            0       0
    161      289.991       505100       0            0       0            0       0
    162      290.989            0       0            0       0            0       0
    163      291.490       505410     128            0       0            0       0
    164      294.988            0       0            0       0            0       0
    165      296.990      1505710       1          695      50           49       0
    166      297.988            0       0            0       0            0       0
    167      300.990       645100       0            0       0            0       0
    168      301.989            0       0            0       0            0       0
    169      302.490       645410     128            0       0            0       0
    170      305.988            0       0            0       0            0       0
    171      307.990      1645710       1          655      50           49       0
    172      308.988            0       0            0       0            0       0
    173      311.990       653100       0            0       0            0       0
    174      312.989            0       0            0       0            0       0
    175      313.490       653408     128            0       0            0       0
    176      316.988            0       0            0       0            0       0
    177      318.990      2653708       1          623      50           50       1
    178      319.988            0       0            0       0            0       0
    179      322.990       621100       0            0       0            0       0
    180      323.989            0       0            0       0            0       0
    181      324.490       621406     128            0       0            0       0
    182      327.988            0       0            0       0            0       0
    183      329.990      1621706       1          568      49           49       1
    184      330.988          900       0            0       0            0       0
    185      330.988            0       0            0       0            0       0
    186      334.989            0       0            0       0            0       0

Stim       Id Diff Order Obj Lvl  

  304  611404    4   15 2263    3    1    0 
  305  623406    6   10 3703    3    1    0 
  306  635408    8   16 4200    3    1    0 
  307  621404    4   11 4026    3    1    0 
  308  643406    6   17 3574    3    1    0 
  309  655408    8    7 4497    3    1    0 
  310  621404    4   12 3619    3    1    0 
  311  643406    6    3 4156    3    1    0 
  312  605408    8    1 3742    3    1    0 
  313  625408    8   13 4432    3    1    0 
  314  651404    4   14 3459    3    1    0 
  315  563406    6    2 3766    3    1    0 
  316  625408    8    4 4046    3    1    0 
  317  653406    6    8 4073    3    1    0 
  318  613406    6   18 4403    3    1    0 
  319  625408    8   19 4324    3    1    0 
  320  601404    4    5 4080    3    1    0 
  321  631404    4    6 3535    3    1    0 
  322  643406    6    9 3408    3    1    0 
  323  615408    8    0 3882    3    1    0 
  324  643406    6   15 4341    3    1    0 
  325  635408    8   14 3641    3    1    0 
  326  581404    4   19 3756    3    1    0 
  327  621404    4    6 3724    3    1    0 
  328  583408    8   10 3584    5    1    0 
  329  591406    6   16 3482    5    1    0 
  330  505410   10   17 3711    5    1    0 
  331  645410   10   11 3452    5    1    0 
  332  653408    8   18 4179    5    1    0 
  333  621406    6    0 4375    5    1    0 

Trial      Id Diff  Lvl  Obj Stim  Ans Resp  Acc     RT

    1 1611704    4    3 2263  304   49   50    0    605
    2 2623706    6    3 4422  305   50   50    1    734
    3 2635708    8    3 4350  306   50   50    1    646
    4 1621704    4    3 4026  307   49   49    1    766
    5 1643706    6    3 3574  308   49   50    0    543
    6 2655708    8    3 3446  309   50   50    1    759
    7 1621704    4    3 3619  310   49   50    0    864
    8 1643706    6    3 4156  311   49   49    1    784
    9 2605708    8    3 4266  312   50   50    1    808
   10 1625708    8    3 4432  313   49   49    1    696
   11 2651704    4    3 4252  314   50   50    1    673
   12 2563706    6    3 3507  315   50   50    1    769
   13 1625708    8    3 4046  316   49   49    1   1082
   14 1653706    6    3 4073  317   49   50    0   1074
   15 2613706    6    3 3924  318   50   50    1    858
   16 1625708    8    3 4324  319   49   49    1    835
   17 2601704    4    3 3528  320   50   50    1    691
   18 2631704    4    3 3797  321   50   50    1    739
   19 2643706    6    3 4420  322   50   50    1    668
   20 2615708    8    3 3860  323   50   50    1    836
   21 1643706    6    3 4341  324   49   49    1    604
   22 2635708    8    3 4439  325   50   50    1    637
   23 1581704    4    3 3756  326   49   49    1    589
   24 1621704    4    3 3724  327   49   49    1    813
   25 2583708    8    5 3571  328   50   50    1    934
   26 2591706    6    5 4195  329   50   49    0   1078
   27 1505710   10    5 3711  330   49   50    0    695
   28 1645710   10    5 3452  331   49   50    0    655
   29 2653708    8    5 3621  332   50   50    1    623
   30 1621706    6    5 4375  333   49   49    1    568

Summary table:
 Nobjs Ntrials Accuracy RespTime

     1      0      0      0      0 
     2      0      0      0      0 
     3      0      0      0      0 
     4      8     75    718      0 
     5      0      0      0      0 
     6     10     70    768      0 
     7      0      0      0      0 
     8     10    100    786      0 
     9      0      0      0      0 
    10      2      0    675      0 

Adaptlevel  final= 3  mean= 3.4  use=3

adaptlvl = 3
